Run Status: Accepted!
Program Runtime: 1024 milli secs
Progress: 168/168 test cases passed.
input	output	expected	
[2], 1	[]	[]	
   
[1], 1	[[1]]	[[1]]	
   
[1], 2	[[1,1]]	[[1,1]]	
   
[1,2], 1	[[1]]	[[1]]	
   
[1,2], 2	[[1,1],[2]]	[[1,1],[2]]	
   
[1,2], 3	[[1,1,1],[1,2]]	[[1,1,1],[1,2]]	
   
[1,2], 4	[[1,1,1,1],[1,1,2],[2,2]]	[[1,1,1,1],[1,1,2],[2,2]]	
   
[2,3], 5	[[2,3]]	[[2,3]]	
   
[2,3], 6	[[2,2,2],[3,3]]	[[2,2,2],[3,3]]	
   
[2,3,5], 6	[[2,2,2],[3,3]]	[[2,2,2],[3,3]]	
   
[2,3,5], 7	[[2,2,3],[2,5]]	[[2,2,3],[2,5]]	
   
[2,3,5], 8	[[2,2,2,2],[2,3,3],[3,5]]	[[2,2,2,2],[2,3,3],[3,5]]	
   
[3,5,7], 8	[[3,5]]	[[3,5]]	
   
[3,5,7], 9	[[3,3,3]]	[[3,3,3]]	
   
[3,5,7], 10	[[5,5],[3,7]]	[[5,5],[3,7]]	
   
[2,3,6,7], 7	[[2,2,3],[7]]	[[2,2,3],[7]]	
   
[8,7,4,3], 11	[[3,4,4],[4,7],[3,8]]	[[3,4,4],[4,7],[3,8]]	
   
[7,3], 17	[[3,7,7]]	[[3,7,7]]	
   
[7,3,2], 18	[[2,2,2,2,2,2,2,2,2],[2,2,2,2,2,2,3,3],[2,2,2,3,3,3,3],[3,3,3,3,3,3],[2,2,2,2,3,7],[2,3,3,3,7],[2,2,7,7]]	[[2,2,2,2,2,2,2,2,2],[2,2,2,2,2,2,3,3],[2,2,2,3,3,3,3],[3,3,3,3,3,3],[2,2,2,2,3,7],[2,3,3,3,7],[2,2,7,7]]	
   
[5,9], 15	[[5,5,5]]	[[5,5,5]]	
   
[7,3,6,5], 7	[[7]]	[[7]]	
   
[3,2,6,7], 11	[[2,2,2,2,3],[2,3,3,3],[2,3,6],[2,2,7]]	[[2,2,2,2,3],[2,3,3,3],[2,3,6],[2,2,7]]	
   
[5], 12	[]	[]	
   
[4,2,8], 8	[[2,2,2,2],[2,2,4],[4,4],[8]]	[[2,2,2,2],[2,2,4],[4,4],[8]]	
   
[7,6,4], 11	[[4,7]]	[[4,7]]	
   
[2,5,8,4], 10	[[2,2,2,2,2],[2,2,2,4],[2,4,4],[5,5],[2,8]]	[[2,2,2,2,2],[2,2,2,4],[2,4,4],[5,5],[2,8]]	
   
[6,4], 13	[]	[]	
   
[4,5,2], 16	[[2,2,2,2,2,2,2,2],[2,2,2,2,2,2,4],[2,2,2,2,4,4],[2,2,4,4,4],[4,4,4,4],[2,2,2,5,5],[2,4,5,5]]	[[2,2,2,2,2,2,2,2],[2,2,2,2,2,2,4],[2,2,2,2,4,4],[2,2,4,4,4],[4,4,4,4],[2,2,2,5,5],[2,4,5,5]]	
   
[2,3,8,4], 6	[[2,2,2],[3,3],[2,4]]	[[2,2,2],[3,3],[2,4]]	
   
[9,5,2], 12	[[2,2,2,2,2,2],[2,5,5]]	[[2,2,2,2,2,2],[2,5,5]]	
   
[5,7,4,6,8], 13	[[4,4,5],[6,7],[5,8]]	[[4,4,5],[6,7],[5,8]]	
   
[4,6], 18	[[4,4,4,6],[6,6,6]]	[[4,4,4,6],[6,6,6]]	
   
[5,7,6], 11	[[5,6]]	[[5,6]]	
   
[3,5,8,9,6], 13	[[3,5,5],[5,8]]	[[3,5,5],[5,8]]	
   
[3,2,8], 18	[[2,2,2,2,2,2,2,2,2],[2,2,2,2,2,2,3,3],[2,2,2,3,3,3,3],[3,3,3,3,3,3],[2,2,2,2,2,8],[2,2,3,3,8],[2,8,8]]	[[2,2,2,2,2,2,2,2,2],[2,2,2,2,2,2,3,3],[2,2,2,3,3,3,3],[3,3,3,3,3,3],[2,2,2,2,2,8],[2,2,3,3,8],[2,8,8]]	
   
[8,2,6,3], 13	[[2,2,2,2,2,3],[2,2,3,3,3],[2,2,3,6],[2,3,8]]	[[2,2,2,2,2,3],[2,2,3,3,3],[2,2,3,6],[2,3,8]]	
   
[3,8,5], 11	[[3,3,5],[3,8]]	[[3,3,5],[3,8]]	
   
[8,6,7,9], 5	[]	[]	
   
[2,9,5], 11	[[2,2,2,5],[2,9]]	[[2,2,2,5],[2,9]]	
   
[4,2,7,5,6], 16	[[2,2,2,2,2,2,2,2],[2,2,2,2,2,2,4],[2,2,2,2,4,4],[2,2,4,4,4],[4,4,4,4],[2,2,2,5,5],[2,4,5,5],[2,2,2,2,2,6],[2,2,2,4,6],[2,4,4,6],[5,5,6],[2,2,6,6],[4,6,6],[2,2,5,7],[4,5,7],[2,7,7]]	[[2,2,2,2,2,2,2,2],[2,2,2,2,2,2,4],[2,2,2,2,4,4],[2,2,4,4,4],[4,4,4,4],[2,2,2,5,5],[2,4,5,5],[2,2,2,2,2,6],[2,2,2,4,6],[2,4,4,6],[5,5,6],[2,2,6,6],[4,6,6],[2,2,5,7],[4,5,7],[2,7,7]]	
   
[7,4,5], 9	[[4,5]]	[[4,5]]	
   
[2,7,9], 9	[[2,7],[9]]	[[2,7],[9]]	
   
[5,6,7], 12	[[6,6],[5,7]]	[[6,6],[5,7]]	
   
[3,8,4,6], 11	[[3,4,4],[3,8]]	[[3,4,4],[3,8]]	
   
[3,7,6], 13	[[3,3,7],[6,7]]	[[3,3,7],[6,7]]	
   
[7,3,9,6], 6	[[3,3],[6]]	[[3,3],[6]]	
   
[4,9,3,5], 13	[[3,3,3,4],[4,4,5],[3,5,5],[4,9]]	[[3,3,3,4],[4,4,5],[3,5,5],[4,9]]	
   
[2,6,5], 7	[[2,5]]	[[2,5]]	
   
[9,4,5], 16	[[4,4,4,4]]	[[4,4,4,4]]	
   
[5,4,2,3], 14	[[2,2,2,2,2,2,2],[2,2,2,2,3,3],[2,3,3,3,3],[2,2,2,2,2,4],[2,2,3,3,4],[2,2,2,4,4],[3,3,4,4],[2,4,4,4],[2,2,2,3,5],[3,3,3,5],[2,3,4,5],[2,2,5,5],[4,5,5]]	[[2,2,2,2,2,2,2],[2,2,2,2,3,3],[2,3,3,3,3],[2,2,2,2,2,4],[2,2,3,3,4],[2,2,2,4,4],[3,3,4,4],[2,4,4,4],[2,2,2,3,5],[3,3,3,5],[2,3,4,5],[2,2,5,5],[4,5,5]]	
   
[6,7,3,9], 10	[[3,7]]	[[3,7]]	
   
[2,6], 19	[]	[]	
   
[4,8], 15	[]	[]	
   
[4,7,2,9], 15	[[2,2,2,2,7],[2,2,4,7],[4,4,7],[2,2,2,9],[2,4,9]]	[[2,2,2,2,7],[2,2,4,7],[4,4,7],[2,2,2,9],[2,4,9]]	
   
[5,6,9], 8	[]	[]	
   
[9,3,2,5], 14	[[2,2,2,2,2,2,2],[2,2,2,2,3,3],[2,3,3,3,3],[2,2,2,3,5],[3,3,3,5],[2,2,5,5],[2,3,9],[5,9]]	[[2,2,2,2,2,2,2],[2,2,2,2,3,3],[2,3,3,3,3],[2,2,2,3,5],[3,3,3,5],[2,2,5,5],[2,3,9],[5,9]]	
   
[2,7,9], 19	[[2,2,2,2,2,2,7],[2,2,2,2,2,9]]	[[2,2,2,2,2,2,7],[2,2,2,2,2,9]]	
   
[7,3,8,9], 10	[[3,7]]	[[3,7]]	
   
[4,7,3], 16	[[3,3,3,3,4],[4,4,4,4],[3,3,3,7]]	[[3,3,3,3,4],[4,4,4,4],[3,3,3,7]]	
   
[7,8,3], 10	[[3,7]]	[[3,7]]	
   
[2,8], 13	[]	[]	
   
[7,6,8], 17	[]	[]	
   
[3,7], 18	[[3,3,3,3,3,3]]	[[3,3,3,3,3,3]]	
   
[8,7,2], 6	[[2,2,2]]	[[2,2,2]]	
   
[9,6,3], 16	[]	[]	
   
[4,8,7,3], 10	[[3,3,4],[3,7]]	[[3,3,4],[3,7]]	
   
[5,8,4], 18	[[4,4,5,5],[5,5,8]]	[[4,4,5,5],[5,5,8]]	
   
[3,12,9,11,6,7,8,5,4], 15	[[3,3,3,3,3],[3,4,4,4],[3,3,4,5],[5,5,5],[3,3,3,6],[4,5,6],[3,6,6],[4,4,7],[3,5,7],[3,4,8],[7,8],[3,3,9],[6,9],[4,11],[3,12]]	[[3,3,3,3,3],[3,4,4,4],[3,3,4,5],[5,5,5],[3,3,3,6],[4,5,6],[3,6,6],[4,4,7],[3,5,7],[3,4,8],[7,8],[3,3,9],[6,9],[4,11],[3,12]]	
   
[9,10,8,4,12,5,7], 17	[[4,4,4,5],[5,5,7],[4,5,8],[4,4,9],[8,9],[7,10],[5,12]]	[[4,4,4,5],[5,5,7],[4,5,8],[4,4,9],[8,9],[7,10],[5,12]]	
   
[11,7,10,3,6,4,8], 14	[[3,3,4,4],[4,4,6],[3,4,7],[7,7],[3,3,8],[6,8],[4,10],[3,11]]	[[3,3,4,4],[4,4,6],[3,4,7],[7,7],[3,3,8],[6,8],[4,10],[3,11]]	
   
[5,10,8,4,3,12,9], 27	[[3,3,3,3,3,3,3,3,3],[3,3,3,3,3,4,4,4],[3,4,4,4,4,4,4],[3,3,3,3,3,3,4,5],[3,3,4,4,4,4,5],[3,3,3,4,4,5,5],[3,3,3,3,5,5,5],[4,4,4,5,5,5],[3,4,5,5,5,5],[3,3,3,3,3,4,8],[3,4,4,4,4,8],[3,3,4,4,5,8],[3,3,3,5,5,8],[4,5,5,5,8],[3,4,4,8,8],[3,3,5,8,8],[3,8,8,8],[3,3,3,3,3,3,9],[3,3,4,4,4,9],[3,3,3,4,5,9],[4,4,5,5,9],[3,5,5,5,9],[3,3,4,8,9],[5,5,8,9],[3,3,3,9,9],[4,5,9,9],[9,9,9],[3,3,3,4,4,10],[3,3,3,3,5,10],[4,4,4,5,10],[3,4,5,5,10],[3,3,3,8,10],[4,5,8,10],[4,4,9,10],[3,5,9,10],[8,9,10],[3,4,10,10],[3,3,3,3,3,12],[3,4,4,4,12],[3,3,4,5,12],[5,5,5,12],[3,4,8,12],[3,3,9,12],[5,10,12],[3,12,12]]	[[3,3,3,3,3,3,3,3,3],[3,3,3,3,3,4,4,4],[3,4,4,4,4,4,4],[3,3,3,3,3,3,4,5],[3,3,4,4,4,4,5],[3,3,3,4,4,5,5],[3,3,3,3,5,5,5],[4,4,4,5,5,5],[3,4,5,5,5,5],[3,3,3,3,3,4,8],[3,4,4,4,4,8],[3,3,4,4,5,8],[3,3,3,5,5,8],[4,5,5,5,8],[3,4,4,8,8],[3,3,5,8,8],[3,8,8,8],[3,3,3,3,3,3,9],[3,3,4,4,4,9],[3,3,3,4,5,9],[4,4,5,5,9],[3,5,5,5,9],[3,3,4,8,9],[5,5,8,9],[3,3,3,9,9],[4,5,9,9],[9,9,9],[3,3,3,4,4,10],[3,3,3,3,5,10],[4,4,4,5,10],[3,4,5,5,10],[3,3,3,8,10],[4,5,8,10],[4,4,9,10],[3,5,9,10],[8,9,10],[3,4,10,10],[3,3,3,3,3,12],[3,4,4,4,12],[3,3,4,5,12],[5,5,5,12],[3,4,8,12],[3,3,9,12],[5,10,12],[3,12,12]]	
   
[9,6,8,11,5,4], 34	[[4,4,4,4,4,4,5,5],[4,5,5,5,5,5,5],[4,4,4,4,4,4,4,6],[4,4,5,5,5,5,6],[4,4,4,5,5,6,6],[4,4,4,4,6,6,6],[5,5,6,6,6,6],[4,6,6,6,6,6],[4,4,4,4,5,5,8],[4,4,4,4,4,6,8],[5,5,5,5,6,8],[4,5,5,6,6,8],[4,4,6,6,6,8],[4,4,5,5,8,8],[4,4,4,6,8,8],[6,6,6,8,8],[5,5,8,8,8],[4,6,8,8,8],[4,4,4,4,4,5,9],[5,5,5,5,5,9],[4,5,5,5,6,9],[4,4,5,6,6,9],[4,4,4,5,8,9],[5,6,6,8,9],[4,5,8,8,9],[4,4,4,4,9,9],[5,5,6,9,9],[4,6,6,9,9],[4,4,8,9,9],[8,8,9,9],[4,4,5,5,5,11],[4,4,4,5,6,11],[5,6,6,6,11],[5,5,5,8,11],[4,5,6,8,11],[4,5,5,9,11],[4,4,6,9,11],[6,8,9,11],[5,9,9,11],[4,4,4,11,11],[6,6,11,11],[4,8,11,11]]	[[4,4,4,4,4,4,5,5],[4,5,5,5,5,5,5],[4,4,4,4,4,4,4,6],[4,4,5,5,5,5,6],[4,4,4,5,5,6,6],[4,4,4,4,6,6,6],[5,5,6,6,6,6],[4,6,6,6,6,6],[4,4,4,4,5,5,8],[4,4,4,4,4,6,8],[5,5,5,5,6,8],[4,5,5,6,6,8],[4,4,6,6,6,8],[4,4,5,5,8,8],[4,4,4,6,8,8],[6,6,6,8,8],[5,5,8,8,8],[4,6,8,8,8],[4,4,4,4,4,5,9],[5,5,5,5,5,9],[4,5,5,5,6,9],[4,4,5,6,6,9],[4,4,4,5,8,9],[5,6,6,8,9],[4,5,8,8,9],[4,4,4,4,9,9],[5,5,6,9,9],[4,6,6,9,9],[4,4,8,9,9],[8,8,9,9],[4,4,5,5,5,11],[4,4,4,5,6,11],[5,6,6,6,11],[5,5,5,8,11],[4,5,6,8,11],[4,5,5,9,11],[4,4,6,9,11],[6,8,9,11],[5,9,9,11],[4,4,4,11,11],[6,6,11,11],[4,8,11,11]]	
   
[6,9,7,4,5,3,10,12], 21	[[3,3,3,3,3,3,3],[3,3,3,4,4,4],[3,3,3,3,4,5],[4,4,4,4,5],[3,4,4,5,5],[3,3,5,5,5],[3,3,3,3,3,6],[3,4,4,4,6],[3,3,4,5,6],[5,5,5,6],[3,3,3,6,6],[4,5,6,6],[3,6,6,6],[3,3,4,4,7],[3,3,3,5,7],[4,5,5,7],[4,4,6,7],[3,5,6,7],[3,4,7,7],[7,7,7],[3,3,3,3,9],[4,4,4,9],[3,4,5,9],[3,3,6,9],[6,6,9],[5,7,9],[3,9,9],[3,4,4,10],[3,3,5,10],[5,6,10],[4,7,10],[3,3,3,12],[4,5,12],[3,6,12],[9,12]]	[[3,3,3,3,3,3,3],[3,3,3,4,4,4],[3,3,3,3,4,5],[4,4,4,4,5],[3,4,4,5,5],[3,3,5,5,5],[3,3,3,3,3,6],[3,4,4,4,6],[3,3,4,5,6],[5,5,5,6],[3,3,3,6,6],[4,5,6,6],[3,6,6,6],[3,3,4,4,7],[3,3,3,5,7],[4,5,5,7],[4,4,6,7],[3,5,6,7],[3,4,7,7],[7,7,7],[3,3,3,3,9],[4,4,4,9],[3,4,5,9],[3,3,6,9],[6,6,9],[5,7,9],[3,9,9],[3,4,4,10],[3,3,5,10],[5,6,10],[4,7,10],[3,3,3,12],[4,5,12],[3,6,12],[9,12]]	
   
[5,6,7,11,8,12], 13	[[6,7],[5,8]]	[[6,7],[5,8]]	
   
[11,6,5,8,3,12,7,4], 12	[[3,3,3,3],[4,4,4],[3,4,5],[3,3,6],[6,6],[5,7],[4,8],[12]]	[[3,3,3,3],[4,4,4],[3,4,5],[3,3,6],[6,6],[5,7],[4,8],[12]]	
   
[8,10,7,6,12,9], 25	[[6,6,6,7],[8,8,9],[7,9,9],[7,8,10],[6,9,10],[6,7,12]]	[[6,6,6,7],[8,8,9],[7,9,9],[7,8,10],[6,9,10],[6,7,12]]	
   
[8,11,12,9,3,4], 20	[[3,3,3,3,4,4],[4,4,4,4,4],[3,3,3,3,8],[4,4,4,8],[4,8,8],[3,4,4,9],[3,8,9],[3,3,3,11],[9,11],[4,4,12],[8,12]]	[[3,3,3,3,4,4],[4,4,4,4,4],[3,3,3,3,8],[4,4,4,8],[4,8,8],[3,4,4,9],[3,8,9],[3,3,3,11],[9,11],[4,4,12],[8,12]]	
   
[4,11,7,8,6,5,9], 17	[[4,4,4,5],[5,6,6],[5,5,7],[4,6,7],[4,5,8],[4,4,9],[8,9],[6,11]]	[[4,4,4,5],[5,6,6],[5,5,7],[4,6,7],[4,5,8],[4,4,9],[8,9],[6,11]]	
   
[10,11,6,4,8,5,3], 16	[[3,3,3,3,4],[4,4,4,4],[3,4,4,5],[3,3,5,5],[3,3,4,6],[5,5,6],[4,6,6],[4,4,8],[3,5,8],[8,8],[3,3,10],[6,10],[5,11]]	[[3,3,3,3,4],[4,4,4,4],[3,4,4,5],[3,3,5,5],[3,3,4,6],[5,5,6],[4,6,6],[4,4,8],[3,5,8],[8,8],[3,3,10],[6,10],[5,11]]	
   
[10,9,5,3,6,11], 17	[[3,3,3,3,5],[3,3,5,6],[5,6,6],[3,5,9],[3,3,11],[6,11]]	[[3,3,3,3,5],[3,3,5,6],[5,6,6],[3,5,9],[3,3,11],[6,11]]	
   
[6,4,10,7,11,8], 22	[[4,4,4,4,6],[4,6,6,6],[4,4,7,7],[4,4,6,8],[7,7,8],[6,8,8],[4,4,4,10],[6,6,10],[4,8,10],[4,7,11],[11,11]]	[[4,4,4,4,6],[4,6,6,6],[4,4,7,7],[4,4,6,8],[7,7,8],[6,8,8],[4,4,4,10],[6,6,10],[4,8,10],[4,7,11],[11,11]]	
   
[7,5,8,12,3,10,9,4,11,6], 21	[[3,3,3,3,3,3,3],[3,3,3,4,4,4],[3,3,3,3,4,5],[4,4,4,4,5],[3,4,4,5,5],[3,3,5,5,5],[3,3,3,3,3,6],[3,4,4,4,6],[3,3,4,5,6],[5,5,5,6],[3,3,3,6,6],[4,5,6,6],[3,6,6,6],[3,3,4,4,7],[3,3,3,5,7],[4,5,5,7],[4,4,6,7],[3,5,6,7],[3,4,7,7],[7,7,7],[3,3,3,4,8],[4,4,5,8],[3,5,5,8],[3,4,6,8],[3,3,7,8],[6,7,8],[5,8,8],[3,3,3,3,9],[4,4,4,9],[3,4,5,9],[3,3,6,9],[6,6,9],[5,7,9],[4,8,9],[3,9,9],[3,4,4,10],[3,3,5,10],[5,6,10],[4,7,10],[3,8,10],[3,3,4,11],[5,5,11],[4,6,11],[3,7,11],[10,11],[3,3,3,12],[4,5,12],[3,6,12],[9,12]]	[[3,3,3,3,3,3,3],[3,3,3,4,4,4],[3,3,3,3,4,5],[4,4,4,4,5],[3,4,4,5,5],[3,3,5,5,5],[3,3,3,3,3,6],[3,4,4,4,6],[3,3,4,5,6],[5,5,5,6],[3,3,3,6,6],[4,5,6,6],[3,6,6,6],[3,3,4,4,7],[3,3,3,5,7],[4,5,5,7],[4,4,6,7],[3,5,6,7],[3,4,7,7],[7,7,7],[3,3,3,4,8],[4,4,5,8],[3,5,5,8],[3,4,6,8],[3,3,7,8],[6,7,8],[5,8,8],[3,3,3,3,9],[4,4,4,9],[3,4,5,9],[3,3,6,9],[6,6,9],[5,7,9],[4,8,9],[3,9,9],[3,4,4,10],[3,3,5,10],[5,6,10],[4,7,10],[3,8,10],[3,3,4,11],[5,5,11],[4,6,11],[3,7,11],[10,11],[3,3,3,12],[4,5,12],[3,6,12],[9,12]]	
   
[8,5,4,6,9], 27	[[4,4,4,5,5,5],[4,4,4,4,5,6],[5,5,5,6,6],[4,5,6,6,6],[4,5,5,5,8],[4,4,5,6,8],[5,6,8,8],[4,4,5,5,9],[4,4,4,6,9],[6,6,6,9],[5,5,8,9],[4,6,8,9],[4,5,9,9],[9,9,9]]	[[4,4,4,5,5,5],[4,4,4,4,5,6],[5,5,5,6,6],[4,5,6,6,6],[4,5,5,5,8],[4,4,5,6,8],[5,6,8,8],[4,4,5,5,9],[4,4,4,6,9],[6,6,6,9],[5,5,8,9],[4,6,8,9],[4,5,9,9],[9,9,9]]	
   
[7,8,11,12,3,5], 16	[[3,3,5,5],[3,3,3,7],[3,5,8],[8,8],[5,11]]	[[3,3,5,5],[3,3,3,7],[3,5,8],[8,8],[5,11]]	
   
[7,12,5,10,9,4,6,8], 32	[[4,4,4,4,4,4,4,4],[4,4,4,5,5,5,5],[4,4,4,4,5,5,6],[4,4,4,4,4,6,6],[5,5,5,5,6,6],[4,5,5,6,6,6],[4,4,6,6,6,6],[4,4,4,4,4,5,7],[5,5,5,5,5,7],[4,5,5,5,6,7],[4,4,5,6,6,7],[4,4,5,5,7,7],[4,4,4,6,7,7],[6,6,6,7,7],[5,6,7,7,7],[4,7,7,7,7],[4,4,4,4,4,4,8],[4,5,5,5,5,8],[4,4,5,5,6,8],[4,4,4,6,6,8],[6,6,6,6,8],[4,4,4,5,7,8],[5,6,6,7,8],[5,5,7,7,8],[4,6,7,7,8],[4,4,4,4,8,8],[5,5,6,8,8],[4,6,6,8,8],[4,5,7,8,8],[4,4,8,8,8],[8,8,8,8],[4,4,5,5,5,9],[4,4,4,5,6,9],[5,6,6,6,9],[4,4,4,4,7,9],[5,5,6,7,9],[4,6,6,7,9],[4,5,7,7,9],[5,5,5,8,9],[4,5,6,8,9],[4,4,7,8,9],[7,8,8,9],[4,5,5,9,9],[4,4,6,9,9],[7,7,9,9],[6,8,9,9],[5,9,9,9],[4,4,4,5,5,10],[4,4,4,4,6,10],[5,5,6,6,10],[4,6,6,6,10],[5,5,5,7,10],[4,5,6,7,10],[4,4,7,7,10],[4,5,5,8,10],[4,4,6,8,10],[7,7,8,10],[6,8,8,10],[4,4,5,9,10],[6,7,9,10],[5,8,9,10],[4,9,9,10],[4,4,4,10,10],[6,6,10,10],[5,7,10,10],[4,8,10,10],[4,4,4,4,4,12],[5,5,5,5,12],[4,5,5,6,12],[4,4,6,6,12],[4,4,5,7,12],[6,7,7,12],[4,4,4,8,12],[6,6,8,12],[5,7,8,12],[4,8,8,12],[5,6,9,12],[4,7,9,12],[5,5,10,12],[4,6,10,12],[10,10,12],[4,4,12,12],[8,12,12]]	[[4,4,4,4,4,4,4,4],[4,4,4,5,5,5,5],[4,4,4,4,5,5,6],[4,4,4,4,4,6,6],[5,5,5,5,6,6],[4,5,5,6,6,6],[4,4,6,6,6,6],[4,4,4,4,4,5,7],[5,5,5,5,5,7],[4,5,5,5,6,7],[4,4,5,6,6,7],[4,4,5,5,7,7],[4,4,4,6,7,7],[6,6,6,7,7],[5,6,7,7,7],[4,7,7,7,7],[4,4,4,4,4,4,8],[4,5,5,5,5,8],[4,4,5,5,6,8],[4,4,4,6,6,8],[6,6,6,6,8],[4,4,4,5,7,8],[5,6,6,7,8],[5,5,7,7,8],[4,6,7,7,8],[4,4,4,4,8,8],[5,5,6,8,8],[4,6,6,8,8],[4,5,7,8,8],[4,4,8,8,8],[8,8,8,8],[4,4,5,5,5,9],[4,4,4,5,6,9],[5,6,6,6,9],[4,4,4,4,7,9],[5,5,6,7,9],[4,6,6,7,9],[4,5,7,7,9],[5,5,5,8,9],[4,5,6,8,9],[4,4,7,8,9],[7,8,8,9],[4,5,5,9,9],[4,4,6,9,9],[7,7,9,9],[6,8,9,9],[5,9,9,9],[4,4,4,5,5,10],[4,4,4,4,6,10],[5,5,6,6,10],[4,6,6,6,10],[5,5,5,7,10],[4,5,6,7,10],[4,4,7,7,10],[4,5,5,8,10],[4,4,6,8,10],[7,7,8,10],[6,8,8,10],[4,4,5,9,10],[6,7,9,10],[5,8,9,10],[4,9,9,10],[4,4,4,10,10],[6,6,10,10],[5,7,10,10],[4,8,10,10],[4,4,4,4,4,12],[5,5,5,5,12],[4,5,5,6,12],[4,4,6,6,12],[4,4,5,7,12],[6,7,7,12],[4,4,4,8,12],[6,6,8,12],[5,7,8,12],[4,8,8,12],[5,6,9,12],[4,7,9,12],[5,5,10,12],[4,6,10,12],[10,10,12],[4,4,12,12],[8,12,12]]	
   
[4,8,11,10,9,3,12,7,6], 25	[[3,3,3,3,3,3,3,4],[3,3,3,4,4,4,4],[3,3,3,3,3,4,6],[3,4,4,4,4,6],[3,3,3,4,6,6],[3,4,6,6,6],[3,3,3,3,3,3,7],[3,3,4,4,4,7],[3,3,3,3,6,7],[4,4,4,6,7],[3,3,6,6,7],[6,6,6,7],[3,4,4,7,7],[4,7,7,7],[3,3,3,4,4,8],[3,4,4,6,8],[3,3,4,7,8],[4,6,7,8],[3,7,7,8],[3,3,3,8,8],[3,6,8,8],[3,3,3,3,4,9],[4,4,4,4,9],[3,3,4,6,9],[4,6,6,9],[3,3,3,7,9],[3,6,7,9],[4,4,8,9],[8,8,9],[3,4,9,9],[7,9,9],[3,3,3,3,3,10],[3,4,4,4,10],[3,3,3,6,10],[3,6,6,10],[4,4,7,10],[3,4,8,10],[7,8,10],[3,3,9,10],[6,9,10],[3,3,4,4,11],[4,4,6,11],[3,4,7,11],[7,7,11],[3,3,8,11],[6,8,11],[4,10,11],[3,11,11],[3,3,3,4,12],[3,4,6,12],[3,3,7,12],[6,7,12],[4,9,12],[3,10,12]]	[[3,3,3,3,3,3,3,4],[3,3,3,4,4,4,4],[3,3,3,3,3,4,6],[3,4,4,4,4,6],[3,3,3,4,6,6],[3,4,6,6,6],[3,3,3,3,3,3,7],[3,3,4,4,4,7],[3,3,3,3,6,7],[4,4,4,6,7],[3,3,6,6,7],[6,6,6,7],[3,4,4,7,7],[4,7,7,7],[3,3,3,4,4,8],[3,4,4,6,8],[3,3,4,7,8],[4,6,7,8],[3,7,7,8],[3,3,3,8,8],[3,6,8,8],[3,3,3,3,4,9],[4,4,4,4,9],[3,3,4,6,9],[4,6,6,9],[3,3,3,7,9],[3,6,7,9],[4,4,8,9],[8,8,9],[3,4,9,9],[7,9,9],[3,3,3,3,3,10],[3,4,4,4,10],[3,3,3,6,10],[3,6,6,10],[4,4,7,10],[3,4,8,10],[7,8,10],[3,3,9,10],[6,9,10],[3,3,4,4,11],[4,4,6,11],[3,4,7,11],[7,7,11],[3,3,8,11],[6,8,11],[4,10,11],[3,11,11],[3,3,3,4,12],[3,4,6,12],[3,3,7,12],[6,7,12],[4,9,12],[3,10,12]]	
   
[6,4,3,10,12], 28	[[3,3,3,3,3,3,3,3,4],[3,3,3,3,4,4,4,4],[4,4,4,4,4,4,4],[3,3,3,3,3,3,4,6],[3,3,4,4,4,4,6],[3,3,3,3,4,6,6],[4,4,4,4,6,6],[3,3,4,6,6,6],[4,6,6,6,6],[3,3,3,3,3,3,10],[3,3,4,4,4,10],[3,3,3,3,6,10],[4,4,4,6,10],[3,3,6,6,10],[6,6,6,10],[4,4,10,10],[3,3,3,3,4,12],[4,4,4,4,12],[3,3,4,6,12],[4,6,6,12],[3,3,10,12],[6,10,12],[4,12,12]]	[[3,3,3,3,3,3,3,3,4],[3,3,3,3,4,4,4,4],[4,4,4,4,4,4,4],[3,3,3,3,3,3,4,6],[3,3,4,4,4,4,6],[3,3,3,3,4,6,6],[4,4,4,4,6,6],[3,3,4,6,6,6],[4,6,6,6,6],[3,3,3,3,3,3,10],[3,3,4,4,4,10],[3,3,3,3,6,10],[4,4,4,6,10],[3,3,6,6,10],[6,6,6,10],[4,4,10,10],[3,3,3,3,4,12],[4,4,4,4,12],[3,3,4,6,12],[4,6,6,12],[3,3,10,12],[6,10,12],[4,12,12]]	
   
[11,7,9,8,6,12], 34	[[6,7,7,7,7],[6,6,7,7,8],[6,6,6,8,8],[6,6,6,7,9],[8,8,9,9],[7,9,9,9],[7,8,8,11],[7,7,9,11],[6,8,9,11],[6,6,11,11],[7,7,8,12],[6,8,8,12],[6,7,9,12],[11,11,12]]	[[6,7,7,7,7],[6,6,7,7,8],[6,6,6,8,8],[6,6,6,7,9],[8,8,9,9],[7,9,9,9],[7,8,8,11],[7,7,9,11],[6,8,9,11],[6,6,11,11],[7,7,8,12],[6,8,8,12],[6,7,9,12],[11,11,12]]	
   
[6,3,5,8,7,12,11,9,4], 21	[[3,3,3,3,3,3,3],[3,3,3,4,4,4],[3,3,3,3,4,5],[4,4,4,4,5],[3,4,4,5,5],[3,3,5,5,5],[3,3,3,3,3,6],[3,4,4,4,6],[3,3,4,5,6],[5,5,5,6],[3,3,3,6,6],[4,5,6,6],[3,6,6,6],[3,3,4,4,7],[3,3,3,5,7],[4,5,5,7],[4,4,6,7],[3,5,6,7],[3,4,7,7],[7,7,7],[3,3,3,4,8],[4,4,5,8],[3,5,5,8],[3,4,6,8],[3,3,7,8],[6,7,8],[5,8,8],[3,3,3,3,9],[4,4,4,9],[3,4,5,9],[3,3,6,9],[6,6,9],[5,7,9],[4,8,9],[3,9,9],[3,3,4,11],[5,5,11],[4,6,11],[3,7,11],[3,3,3,12],[4,5,12],[3,6,12],[9,12]]	[[3,3,3,3,3,3,3],[3,3,3,4,4,4],[3,3,3,3,4,5],[4,4,4,4,5],[3,4,4,5,5],[3,3,5,5,5],[3,3,3,3,3,6],[3,4,4,4,6],[3,3,4,5,6],[5,5,5,6],[3,3,3,6,6],[4,5,6,6],[3,6,6,6],[3,3,4,4,7],[3,3,3,5,7],[4,5,5,7],[4,4,6,7],[3,5,6,7],[3,4,7,7],[7,7,7],[3,3,3,4,8],[4,4,5,8],[3,5,5,8],[3,4,6,8],[3,3,7,8],[6,7,8],[5,8,8],[3,3,3,3,9],[4,4,4,9],[3,4,5,9],[3,3,6,9],[6,6,9],[5,7,9],[4,8,9],[3,9,9],[3,3,4,11],[5,5,11],[4,6,11],[3,7,11],[3,3,3,12],[4,5,12],[3,6,12],[9,12]]	
   
[5,8,10,9,4], 17	[[4,4,4,5],[4,5,8],[4,4,9],[8,9]]	[[4,4,4,5],[4,5,8],[4,4,9],[8,9]]	
   
[7,5,8,6,9], 24	[[6,6,6,6],[5,6,6,7],[5,5,7,7],[5,5,6,8],[8,8,8],[5,5,5,9],[7,8,9],[6,9,9]]	[[6,6,6,6],[5,6,6,7],[5,5,7,7],[5,5,6,8],[8,8,8],[5,5,5,9],[7,8,9],[6,9,9]]	
   
[11,3,10,5,8,9], 19	[[3,3,3,5,5],[3,3,5,8],[3,8,8],[5,5,9],[3,3,3,10],[9,10],[3,5,11],[8,11]]	[[3,3,3,5,5],[3,3,5,8],[3,8,8],[5,5,9],[3,3,3,10],[9,10],[3,5,11],[8,11]]	
   
[7,6,10,11,4,5], 23	[[4,4,5,5,5],[4,4,4,5,6],[5,6,6,6],[4,4,4,4,7],[5,5,6,7],[4,6,6,7],[4,5,7,7],[4,4,5,10],[6,7,10],[4,4,4,11],[6,6,11],[5,7,11]]	[[4,4,5,5,5],[4,4,4,5,6],[5,6,6,6],[4,4,4,4,7],[5,5,6,7],[4,6,6,7],[4,5,7,7],[4,4,5,10],[6,7,10],[4,4,4,11],[6,6,11],[5,7,11]]	
   
[7,11,12,4,8,10,6], 32	[[4,4,4,4,4,4,4,4],[4,4,4,4,4,6,6],[4,4,6,6,6,6],[4,4,4,6,7,7],[6,6,6,7,7],[4,7,7,7,7],[4,4,4,4,4,4,8],[4,4,4,6,6,8],[6,6,6,6,8],[4,6,7,7,8],[4,4,4,4,8,8],[4,6,6,8,8],[4,4,8,8,8],[8,8,8,8],[4,4,4,4,6,10],[4,6,6,6,10],[4,4,7,7,10],[4,4,6,8,10],[7,7,8,10],[6,8,8,10],[4,4,4,10,10],[6,6,10,10],[4,8,10,10],[4,4,6,7,11],[7,7,7,11],[6,7,8,11],[4,7,10,11],[4,6,11,11],[10,11,11],[4,4,4,4,4,12],[4,4,6,6,12],[6,7,7,12],[4,4,4,8,12],[6,6,8,12],[4,8,8,12],[4,6,10,12],[10,10,12],[4,4,12,12],[8,12,12]]	[[4,4,4,4,4,4,4,4],[4,4,4,4,4,6,6],[4,4,6,6,6,6],[4,4,4,6,7,7],[6,6,6,7,7],[4,7,7,7,7],[4,4,4,4,4,4,8],[4,4,4,6,6,8],[6,6,6,6,8],[4,6,7,7,8],[4,4,4,4,8,8],[4,6,6,8,8],[4,4,8,8,8],[8,8,8,8],[4,4,4,4,6,10],[4,6,6,6,10],[4,4,7,7,10],[4,4,6,8,10],[7,7,8,10],[6,8,8,10],[4,4,4,10,10],[6,6,10,10],[4,8,10,10],[4,4,6,7,11],[7,7,7,11],[6,7,8,11],[4,7,10,11],[4,6,11,11],[10,11,11],[4,4,4,4,4,12],[4,4,6,6,12],[6,7,7,12],[4,4,4,8,12],[6,6,8,12],[4,8,8,12],[4,6,10,12],[10,10,12],[4,4,12,12],[8,12,12]]	
   
[6,3,10,8,4,5], 16	[[3,3,3,3,4],[4,4,4,4],[3,4,4,5],[3,3,5,5],[3,3,4,6],[5,5,6],[4,6,6],[4,4,8],[3,5,8],[8,8],[3,3,10],[6,10]]	[[3,3,3,3,4],[4,4,4,4],[3,4,4,5],[3,3,5,5],[3,3,4,6],[5,5,6],[4,6,6],[4,4,8],[3,5,8],[8,8],[3,3,10],[6,10]]	
   
[8,10,4,3,5], 18	[[3,3,3,3,3,3],[3,3,4,4,4],[3,3,3,4,5],[4,4,5,5],[3,5,5,5],[3,3,4,8],[5,5,8],[4,4,10],[3,5,10],[8,10]]	[[3,3,3,3,3,3],[3,3,4,4,4],[3,3,3,4,5],[4,4,5,5],[3,5,5,5],[3,3,4,8],[5,5,8],[4,4,10],[3,5,10],[8,10]]	
   
[11,5,12,3,10,8,9], 16	[[3,3,5,5],[3,5,8],[8,8],[3,3,10],[5,11]]	[[3,3,5,5],[3,5,8],[8,8],[3,3,10],[5,11]]	
   
[12,9,3,10,6,7,4], 19	[[3,3,3,3,3,4],[3,4,4,4,4],[3,3,3,4,6],[3,4,6,6],[3,3,3,3,7],[4,4,4,7],[3,3,6,7],[6,6,7],[3,3,4,9],[4,6,9],[3,7,9],[3,3,3,10],[3,6,10],[9,10],[3,4,12],[7,12]]	[[3,3,3,3,3,4],[3,4,4,4,4],[3,3,3,4,6],[3,4,6,6],[3,3,3,3,7],[4,4,4,7],[3,3,6,7],[6,6,7],[3,3,4,9],[4,6,9],[3,7,9],[3,3,3,10],[3,6,10],[9,10],[3,4,12],[7,12]]	
   
[3,6,5,4,11,10,9,12], 21	[[3,3,3,3,3,3,3],[3,3,3,4,4,4],[3,3,3,3,4,5],[4,4,4,4,5],[3,4,4,5,5],[3,3,5,5,5],[3,3,3,3,3,6],[3,4,4,4,6],[3,3,4,5,6],[5,5,5,6],[3,3,3,6,6],[4,5,6,6],[3,6,6,6],[3,3,3,3,9],[4,4,4,9],[3,4,5,9],[3,3,6,9],[6,6,9],[3,9,9],[3,4,4,10],[3,3,5,10],[5,6,10],[3,3,4,11],[5,5,11],[4,6,11],[10,11],[3,3,3,12],[4,5,12],[3,6,12],[9,12]]	[[3,3,3,3,3,3,3],[3,3,3,4,4,4],[3,3,3,3,4,5],[4,4,4,4,5],[3,4,4,5,5],[3,3,5,5,5],[3,3,3,3,3,6],[3,4,4,4,6],[3,3,4,5,6],[5,5,5,6],[3,3,3,6,6],[4,5,6,6],[3,6,6,6],[3,3,3,3,9],[4,4,4,9],[3,4,5,9],[3,3,6,9],[6,6,9],[3,9,9],[3,4,4,10],[3,3,5,10],[5,6,10],[3,3,4,11],[5,5,11],[4,6,11],[10,11],[3,3,3,12],[4,5,12],[3,6,12],[9,12]]	
   
[4,6,9,3,12], 16	[[3,3,3,3,4],[4,4,4,4],[3,3,4,6],[4,6,6],[3,4,9],[4,12]]	[[3,3,3,3,4],[4,4,4,4],[3,3,4,6],[4,6,6],[3,4,9],[4,12]]	
   
[12,11,9,8,4,6,7,5], 28	[[4,4,4,4,4,4,4],[4,4,5,5,5,5],[4,4,4,5,5,6],[4,4,4,4,6,6],[5,5,6,6,6],[4,6,6,6,6],[4,4,4,4,5,7],[5,5,5,6,7],[4,5,6,6,7],[4,5,5,7,7],[4,4,6,7,7],[7,7,7,7],[4,4,4,4,4,8],[5,5,5,5,8],[4,5,5,6,8],[4,4,6,6,8],[4,4,5,7,8],[6,7,7,8],[4,4,4,8,8],[6,6,8,8],[5,7,8,8],[4,8,8,8],[4,5,5,5,9],[4,4,5,6,9],[4,4,4,7,9],[6,6,7,9],[5,7,7,9],[5,6,8,9],[4,7,8,9],[5,5,9,9],[4,6,9,9],[4,4,4,5,11],[5,6,6,11],[5,5,7,11],[4,6,7,11],[4,5,8,11],[4,4,9,11],[8,9,11],[6,11,11],[4,4,4,4,12],[5,5,6,12],[4,6,6,12],[4,5,7,12],[4,4,8,12],[8,8,12],[7,9,12],[5,11,12],[4,12,12]]	[[4,4,4,4,4,4,4],[4,4,5,5,5,5],[4,4,4,5,5,6],[4,4,4,4,6,6],[5,5,6,6,6],[4,6,6,6,6],[4,4,4,4,5,7],[5,5,5,6,7],[4,5,6,6,7],[4,5,5,7,7],[4,4,6,7,7],[7,7,7,7],[4,4,4,4,4,8],[5,5,5,5,8],[4,5,5,6,8],[4,4,6,6,8],[4,4,5,7,8],[6,7,7,8],[4,4,4,8,8],[6,6,8,8],[5,7,8,8],[4,8,8,8],[4,5,5,5,9],[4,4,5,6,9],[4,4,4,7,9],[6,6,7,9],[5,7,7,9],[5,6,8,9],[4,7,8,9],[5,5,9,9],[4,6,9,9],[4,4,4,5,11],[5,6,6,11],[5,5,7,11],[4,6,7,11],[4,5,8,11],[4,4,9,11],[8,9,11],[6,11,11],[4,4,4,4,12],[5,5,6,12],[4,6,6,12],[4,5,7,12],[4,4,8,12],[8,8,12],[7,9,12],[5,11,12],[4,12,12]]	
   
[11,4,10,8,7,5,12], 17	[[4,4,4,5],[5,5,7],[4,5,8],[7,10],[5,12]]	[[4,4,4,5],[5,5,7],[4,5,8],[7,10],[5,12]]	
   
[9,8,7,4,10], 16	[[4,4,4,4],[4,4,8],[8,8],[7,9]]	[[4,4,4,4],[4,4,8],[8,8],[7,9]]	
   
[8,6,4,12,5,7,3,11], 28	[[3,3,3,3,3,3,3,3,4],[3,3,3,3,4,4,4,4],[4,4,4,4,4,4,4],[3,3,3,3,3,4,4,5],[3,4,4,4,4,4,5],[3,3,3,3,3,3,5,5],[3,3,4,4,4,5,5],[3,3,3,4,5,5,5],[4,4,5,5,5,5],[3,5,5,5,5,5],[3,3,3,3,3,3,4,6],[3,3,4,4,4,4,6],[3,3,3,4,4,5,6],[3,3,3,3,5,5,6],[4,4,4,5,5,6],[3,4,5,5,5,6],[3,3,3,3,4,6,6],[4,4,4,4,6,6],[3,4,4,5,6,6],[3,3,5,5,6,6],[3,3,4,6,6,6],[5,5,6,6,6],[4,6,6,6,6],[3,3,3,3,3,3,3,7],[3,3,3,4,4,4,7],[3,3,3,3,4,5,7],[4,4,4,4,5,7],[3,4,4,5,5,7],[3,3,5,5,5,7],[3,3,3,3,3,6,7],[3,4,4,4,6,7],[3,3,4,5,6,7],[5,5,5,6,7],[3,3,3,6,6,7],[4,5,6,6,7],[3,6,6,6,7],[3,3,4,4,7,7],[3,3,3,5,7,7],[4,5,5,7,7],[4,4,6,7,7],[3,5,6,7,7],[3,4,7,7,7],[7,7,7,7],[3,3,3,3,4,4,8],[4,4,4,4,4,8],[3,3,3,3,3,5,8],[3,4,4,4,5,8],[3,3,4,5,5,8],[5,5,5,5,8],[3,3,4,4,6,8],[3,3,3,5,6,8],[4,5,5,6,8],[4,4,6,6,8],[3,5,6,6,8],[3,3,3,4,7,8],[4,4,5,7,8],[3,5,5,7,8],[3,4,6,7,8],[3,3,7,7,8],[6,7,7,8],[3,3,3,3,8,8],[4,4,4,8,8],[3,4,5,8,8],[3,3,6,8,8],[6,6,8,8],[5,7,8,8],[4,8,8,8],[3,3,3,4,4,11],[3,3,3,3,5,11],[4,4,4,5,11],[3,4,5,5,11],[3,4,4,6,11],[3,3,5,6,11],[5,6,6,11],[3,3,4,7,11],[5,5,7,11],[4,6,7,11],[3,7,7,11],[3,3,3,8,11],[4,5,8,11],[3,6,8,11],[3,3,11,11],[6,11,11],[3,3,3,3,4,12],[4,4,4,4,12],[3,4,4,5,12],[3,3,5,5,12],[3,3,4,6,12],[5,5,6,12],[4,6,6,12],[3,3,3,7,12],[4,5,7,12],[3,6,7,12],[4,4,8,12],[3,5,8,12],[8,8,12],[5,11,12],[4,12,12]]	[[3,3,3,3,3,3,3,3,4],[3,3,3,3,4,4,4,4],[4,4,4,4,4,4,4],[3,3,3,3,3,4,4,5],[3,4,4,4,4,4,5],[3,3,3,3,3,3,5,5],[3,3,4,4,4,5,5],[3,3,3,4,5,5,5],[4,4,5,5,5,5],[3,5,5,5,5,5],[3,3,3,3,3,3,4,6],[3,3,4,4,4,4,6],[3,3,3,4,4,5,6],[3,3,3,3,5,5,6],[4,4,4,5,5,6],[3,4,5,5,5,6],[3,3,3,3,4,6,6],[4,4,4,4,6,6],[3,4,4,5,6,6],[3,3,5,5,6,6],[3,3,4,6,6,6],[5,5,6,6,6],[4,6,6,6,6],[3,3,3,3,3,3,3,7],[3,3,3,4,4,4,7],[3,3,3,3,4,5,7],[4,4,4,4,5,7],[3,4,4,5,5,7],[3,3,5,5,5,7],[3,3,3,3,3,6,7],[3,4,4,4,6,7],[3,3,4,5,6,7],[5,5,5,6,7],[3,3,3,6,6,7],[4,5,6,6,7],[3,6,6,6,7],[3,3,4,4,7,7],[3,3,3,5,7,7],[4,5,5,7,7],[4,4,6,7,7],[3,5,6,7,7],[3,4,7,7,7],[7,7,7,7],[3,3,3,3,4,4,8],[4,4,4,4,4,8],[3,3,3,3,3,5,8],[3,4,4,4,5,8],[3,3,4,5,5,8],[5,5,5,5,8],[3,3,4,4,6,8],[3,3,3,5,6,8],[4,5,5,6,8],[4,4,6,6,8],[3,5,6,6,8],[3,3,3,4,7,8],[4,4,5,7,8],[3,5,5,7,8],[3,4,6,7,8],[3,3,7,7,8],[6,7,7,8],[3,3,3,3,8,8],[4,4,4,8,8],[3,4,5,8,8],[3,3,6,8,8],[6,6,8,8],[5,7,8,8],[4,8,8,8],[3,3,3,4,4,11],[3,3,3,3,5,11],[4,4,4,5,11],[3,4,5,5,11],[3,4,4,6,11],[3,3,5,6,11],[5,6,6,11],[3,3,4,7,11],[5,5,7,11],[4,6,7,11],[3,7,7,11],[3,3,3,8,11],[4,5,8,11],[3,6,8,11],[3,3,11,11],[6,11,11],[3,3,3,3,4,12],[4,4,4,4,12],[3,4,4,5,12],[3,3,5,5,12],[3,3,4,6,12],[5,5,6,12],[4,6,6,12],[3,3,3,7,12],[4,5,7,12],[3,6,7,12],[4,4,8,12],[3,5,8,12],[8,8,12],[5,11,12],[4,12,12]]	
   
[11,8,4,3,12,5], 31	[[3,3,3,3,3,3,3,3,3,4],[3,3,3,3,3,4,4,4,4],[3,4,4,4,4,4,4,4],[3,3,3,3,3,3,4,4,5],[3,3,4,4,4,4,4,5],[3,3,3,3,3,3,3,5,5],[3,3,3,4,4,4,5,5],[3,3,3,3,4,5,5,5],[4,4,4,4,5,5,5],[3,4,4,5,5,5,5],[3,3,5,5,5,5,5],[3,3,3,3,3,4,4,8],[3,4,4,4,4,4,8],[3,3,3,3,3,3,5,8],[3,3,4,4,4,5,8],[3,3,3,4,5,5,8],[4,4,5,5,5,8],[3,5,5,5,5,8],[3,3,3,3,3,8,8],[3,4,4,4,8,8],[3,3,4,5,8,8],[5,5,5,8,8],[3,4,8,8,8],[3,3,3,3,4,4,11],[4,4,4,4,4,11],[3,3,3,3,3,5,11],[3,4,4,4,5,11],[3,3,4,5,5,11],[5,5,5,5,11],[3,3,3,3,8,11],[4,4,4,8,11],[3,4,5,8,11],[4,8,8,11],[3,3,3,11,11],[4,5,11,11],[3,3,3,3,3,4,12],[3,4,4,4,4,12],[3,3,4,4,5,12],[3,3,3,5,5,12],[4,5,5,5,12],[3,4,4,8,12],[3,3,5,8,12],[3,8,8,12],[4,4,11,12],[3,5,11,12],[8,11,12],[3,4,12,12]]	[[3,3,3,3,3,3,3,3,3,4],[3,3,3,3,3,4,4,4,4],[3,4,4,4,4,4,4,4],[3,3,3,3,3,3,4,4,5],[3,3,4,4,4,4,4,5],[3,3,3,3,3,3,3,5,5],[3,3,3,4,4,4,5,5],[3,3,3,3,4,5,5,5],[4,4,4,4,5,5,5],[3,4,4,5,5,5,5],[3,3,5,5,5,5,5],[3,3,3,3,3,4,4,8],[3,4,4,4,4,4,8],[3,3,3,3,3,3,5,8],[3,3,4,4,4,5,8],[3,3,3,4,5,5,8],[4,4,5,5,5,8],[3,5,5,5,5,8],[3,3,3,3,3,8,8],[3,4,4,4,8,8],[3,3,4,5,8,8],[5,5,5,8,8],[3,4,8,8,8],[3,3,3,3,4,4,11],[4,4,4,4,4,11],[3,3,3,3,3,5,11],[3,4,4,4,5,11],[3,3,4,5,5,11],[5,5,5,5,11],[3,3,3,3,8,11],[4,4,4,8,11],[3,4,5,8,11],[4,8,8,11],[3,3,3,11,11],[4,5,11,11],[3,3,3,3,3,4,12],[3,4,4,4,4,12],[3,3,4,4,5,12],[3,3,3,5,5,12],[4,5,5,5,12],[3,4,4,8,12],[3,3,5,8,12],[3,8,8,12],[4,4,11,12],[3,5,11,12],[8,11,12],[3,4,12,12]]	
   
[11,10,5,7,8,12,3], 29	[[3,3,3,3,3,3,3,3,5],[3,3,3,5,5,5,5],[3,3,3,3,5,5,7],[3,3,3,3,3,7,7],[5,5,5,7,7],[3,5,7,7,7],[3,3,3,3,3,3,3,8],[3,3,5,5,5,8],[3,3,3,5,7,8],[7,7,7,8],[3,5,5,8,8],[3,3,7,8,8],[5,8,8,8],[3,3,3,5,5,10],[3,3,3,3,7,10],[5,7,7,10],[3,3,5,8,10],[3,8,8,10],[3,3,3,10,10],[3,3,3,3,3,3,11],[3,5,5,5,11],[3,3,5,7,11],[5,5,8,11],[3,7,8,11],[3,5,10,11],[8,10,11],[7,11,11],[3,3,3,3,5,12],[5,5,7,12],[3,7,7,12],[3,3,3,8,12],[7,10,12],[3,3,11,12],[5,12,12]]	[[3,3,3,3,3,3,3,3,5],[3,3,3,5,5,5,5],[3,3,3,3,5,5,7],[3,3,3,3,3,7,7],[5,5,5,7,7],[3,5,7,7,7],[3,3,3,3,3,3,3,8],[3,3,5,5,5,8],[3,3,3,5,7,8],[7,7,7,8],[3,5,5,8,8],[3,3,7,8,8],[5,8,8,8],[3,3,3,5,5,10],[3,3,3,3,7,10],[5,7,7,10],[3,3,5,8,10],[3,8,8,10],[3,3,3,10,10],[3,3,3,3,3,3,11],[3,5,5,5,11],[3,3,5,7,11],[5,5,8,11],[3,7,8,11],[3,5,10,11],[8,10,11],[7,11,11],[3,3,3,3,5,12],[5,5,7,12],[3,7,7,12],[3,3,3,8,12],[7,10,12],[3,3,11,12],[5,12,12]]	
   
[9,10,7,6,5], 13	[[6,7]]	[[6,7]]	
   
[8,10,6,3,4,12,11,5,9], 28	[[3,3,3,3,3,3,3,3,4],[3,3,3,3,4,4,4,4],[4,4,4,4,4,4,4],[3,3,3,3,3,4,4,5],[3,4,4,4,4,4,5],[3,3,3,3,3,3,5,5],[3,3,4,4,4,5,5],[3,3,3,4,5,5,5],[4,4,5,5,5,5],[3,5,5,5,5,5],[3,3,3,3,3,3,4,6],[3,3,4,4,4,4,6],[3,3,3,4,4,5,6],[3,3,3,3,5,5,6],[4,4,4,5,5,6],[3,4,5,5,5,6],[3,3,3,3,4,6,6],[4,4,4,4,6,6],[3,4,4,5,6,6],[3,3,5,5,6,6],[3,3,4,6,6,6],[5,5,6,6,6],[4,6,6,6,6],[3,3,3,3,4,4,8],[4,4,4,4,4,8],[3,3,3,3,3,5,8],[3,4,4,4,5,8],[3,3,4,5,5,8],[5,5,5,5,8],[3,3,4,4,6,8],[3,3,3,5,6,8],[4,5,5,6,8],[4,4,6,6,8],[3,5,6,6,8],[3,3,3,3,8,8],[4,4,4,8,8],[3,4,5,8,8],[3,3,6,8,8],[6,6,8,8],[4,8,8,8],[3,3,3,3,3,4,9],[3,4,4,4,4,9],[3,3,4,4,5,9],[3,3,3,5,5,9],[4,5,5,5,9],[3,3,3,4,6,9],[4,4,5,6,9],[3,5,5,6,9],[3,4,6,6,9],[3,4,4,8,9],[3,3,5,8,9],[5,6,8,9],[3,8,8,9],[3,3,4,9,9],[5,5,9,9],[4,6,9,9],[3,3,3,3,3,3,10],[3,3,4,4,4,10],[3,3,3,4,5,10],[4,4,5,5,10],[3,5,5,5,10],[3,3,3,3,6,10],[4,4,4,6,10],[3,4,5,6,10],[3,3,6,6,10],[6,6,6,10],[3,3,4,8,10],[5,5,8,10],[4,6,8,10],[3,3,3,9,10],[4,5,9,10],[3,6,9,10],[9,9,10],[4,4,10,10],[3,5,10,10],[8,10,10],[3,3,3,4,4,11],[3,3,3,3,5,11],[4,4,4,5,11],[3,4,5,5,11],[3,4,4,6,11],[3,3,5,6,11],[5,6,6,11],[3,3,3,8,11],[4,5,8,11],[3,6,8,11],[4,4,9,11],[3,5,9,11],[8,9,11],[3,4,10,11],[3,3,11,11],[6,11,11],[3,3,3,3,4,12],[4,4,4,4,12],[3,4,4,5,12],[3,3,5,5,12],[3,3,4,6,12],[5,5,6,12],[4,6,6,12],[4,4,8,12],[3,5,8,12],[8,8,12],[3,4,9,12],[3,3,10,12],[6,10,12],[5,11,12],[4,12,12]]	[[3,3,3,3,3,3,3,3,4],[3,3,3,3,4,4,4,4],[4,4,4,4,4,4,4],[3,3,3,3,3,4,4,5],[3,4,4,4,4,4,5],[3,3,3,3,3,3,5,5],[3,3,4,4,4,5,5],[3,3,3,4,5,5,5],[4,4,5,5,5,5],[3,5,5,5,5,5],[3,3,3,3,3,3,4,6],[3,3,4,4,4,4,6],[3,3,3,4,4,5,6],[3,3,3,3,5,5,6],[4,4,4,5,5,6],[3,4,5,5,5,6],[3,3,3,3,4,6,6],[4,4,4,4,6,6],[3,4,4,5,6,6],[3,3,5,5,6,6],[3,3,4,6,6,6],[5,5,6,6,6],[4,6,6,6,6],[3,3,3,3,4,4,8],[4,4,4,4,4,8],[3,3,3,3,3,5,8],[3,4,4,4,5,8],[3,3,4,5,5,8],[5,5,5,5,8],[3,3,4,4,6,8],[3,3,3,5,6,8],[4,5,5,6,8],[4,4,6,6,8],[3,5,6,6,8],[3,3,3,3,8,8],[4,4,4,8,8],[3,4,5,8,8],[3,3,6,8,8],[6,6,8,8],[4,8,8,8],[3,3,3,3,3,4,9],[3,4,4,4,4,9],[3,3,4,4,5,9],[3,3,3,5,5,9],[4,5,5,5,9],[3,3,3,4,6,9],[4,4,5,6,9],[3,5,5,6,9],[3,4,6,6,9],[3,4,4,8,9],[3,3,5,8,9],[5,6,8,9],[3,8,8,9],[3,3,4,9,9],[5,5,9,9],[4,6,9,9],[3,3,3,3,3,3,10],[3,3,4,4,4,10],[3,3,3,4,5,10],[4,4,5,5,10],[3,5,5,5,10],[3,3,3,3,6,10],[4,4,4,6,10],[3,4,5,6,10],[3,3,6,6,10],[6,6,6,10],[3,3,4,8,10],[5,5,8,10],[4,6,8,10],[3,3,3,9,10],[4,5,9,10],[3,6,9,10],[9,9,10],[4,4,10,10],[3,5,10,10],[8,10,10],[3,3,3,4,4,11],[3,3,3,3,5,11],[4,4,4,5,11],[3,4,5,5,11],[3,4,4,6,11],[3,3,5,6,11],[5,6,6,11],[3,3,3,8,11],[4,5,8,11],[3,6,8,11],[4,4,9,11],[3,5,9,11],[8,9,11],[3,4,10,11],[3,3,11,11],[6,11,11],[3,3,3,3,4,12],[4,4,4,4,12],[3,4,4,5,12],[3,3,5,5,12],[3,3,4,6,12],[5,5,6,12],[4,6,6,12],[4,4,8,12],[3,5,8,12],[8,8,12],[3,4,9,12],[3,3,10,12],[6,10,12],[5,11,12],[4,12,12]]	
   
[8,7,3,11,4,12], 26	[[3,3,3,3,3,3,4,4],[3,3,4,4,4,4,4],[3,3,3,3,3,4,7],[3,4,4,4,4,7],[3,3,3,3,7,7],[4,4,4,7,7],[3,3,3,3,3,3,8],[3,3,4,4,4,8],[3,4,4,7,8],[4,7,7,8],[3,3,4,8,8],[3,7,8,8],[3,3,3,3,3,11],[3,4,4,4,11],[4,4,7,11],[3,4,8,11],[7,8,11],[4,11,11],[3,3,4,4,12],[3,4,7,12],[7,7,12],[3,3,8,12],[3,11,12]]	[[3,3,3,3,3,3,4,4],[3,3,4,4,4,4,4],[3,3,3,3,3,4,7],[3,4,4,4,4,7],[3,3,3,3,7,7],[4,4,4,7,7],[3,3,3,3,3,3,8],[3,3,4,4,4,8],[3,4,4,7,8],[4,7,7,8],[3,3,4,8,8],[3,7,8,8],[3,3,3,3,3,11],[3,4,4,4,11],[4,4,7,11],[3,4,8,11],[7,8,11],[4,11,11],[3,3,4,4,12],[3,4,7,12],[7,7,12],[3,3,8,12],[3,11,12]]	
   
[8,4,9,6,7], 25	[[4,4,4,6,7],[6,6,6,7],[4,7,7,7],[4,6,7,8],[4,4,4,4,9],[4,6,6,9],[4,4,8,9],[8,8,9],[7,9,9]]	[[4,4,4,6,7],[6,6,6,7],[4,7,7,7],[4,6,7,8],[4,4,4,4,9],[4,6,6,9],[4,4,8,9],[8,8,9],[7,9,9]]	
   
[6,8,12,5,9,3,4,11], 31	[[3,3,3,3,3,3,3,3,3,4],[3,3,3,3,3,4,4,4,4],[3,4,4,4,4,4,4,4],[3,3,3,3,3,3,4,4,5],[3,3,4,4,4,4,4,5],[3,3,3,3,3,3,3,5,5],[3,3,3,4,4,4,5,5],[3,3,3,3,4,5,5,5],[4,4,4,4,5,5,5],[3,4,4,5,5,5,5],[3,3,5,5,5,5,5],[3,3,3,3,3,3,3,4,6],[3,3,3,4,4,4,4,6],[3,3,3,3,4,4,5,6],[4,4,4,4,4,5,6],[3,3,3,3,3,5,5,6],[3,4,4,4,5,5,6],[3,3,4,5,5,5,6],[5,5,5,5,5,6],[3,3,3,3,3,4,6,6],[3,4,4,4,4,6,6],[3,3,4,4,5,6,6],[3,3,3,5,5,6,6],[4,5,5,5,6,6],[3,3,3,4,6,6,6],[4,4,5,6,6,6],[3,5,5,6,6,6],[3,4,6,6,6,6],[3,3,3,3,3,4,4,8],[3,4,4,4,4,4,8],[3,3,3,3,3,3,5,8],[3,3,4,4,4,5,8],[3,3,3,4,5,5,8],[4,4,5,5,5,8],[3,5,5,5,5,8],[3,3,3,4,4,6,8],[3,3,3,3,5,6,8],[4,4,4,5,6,8],[3,4,5,5,6,8],[3,4,4,6,6,8],[3,3,5,6,6,8],[5,6,6,6,8],[3,3,3,3,3,8,8],[3,4,4,4,8,8],[3,3,4,5,8,8],[5,5,5,8,8],[3,3,3,6,8,8],[4,5,6,8,8],[3,6,6,8,8],[3,4,8,8,8],[3,3,3,3,3,3,4,9],[3,3,4,4,4,4,9],[3,3,3,4,4,5,9],[3,3,3,3,5,5,9],[4,4,4,5,5,9],[3,4,5,5,5,9],[3,3,3,3,4,6,9],[4,4,4,4,6,9],[3,4,4,5,6,9],[3,3,5,5,6,9],[3,3,4,6,6,9],[5,5,6,6,9],[4,6,6,6,9],[3,3,4,4,8,9],[3,3,3,5,8,9],[4,5,5,8,9],[4,4,6,8,9],[3,5,6,8,9],[3,3,8,8,9],[6,8,8,9],[3,3,3,4,9,9],[4,4,5,9,9],[3,5,5,9,9],[3,4,6,9,9],[5,8,9,9],[4,9,9,9],[3,3,3,3,4,4,11],[4,4,4,4,4,11],[3,3,3,3,3,5,11],[3,4,4,4,5,11],[3,3,4,5,5,11],[5,5,5,5,11],[3,3,4,4,6,11],[3,3,3,5,6,11],[4,5,5,6,11],[4,4,6,6,11],[3,5,6,6,11],[3,3,3,3,8,11],[4,4,4,8,11],[3,4,5,8,11],[3,3,6,8,11],[6,6,8,11],[4,8,8,11],[3,4,4,9,11],[3,3,5,9,11],[5,6,9,11],[3,8,9,11],[3,3,3,11,11],[4,5,11,11],[3,6,11,11],[9,11,11],[3,3,3,3,3,4,12],[3,4,4,4,4,12],[3,3,4,4,5,12],[3,3,3,5,5,12],[4,5,5,5,12],[3,3,3,4,6,12],[4,4,5,6,12],[3,5,5,6,12],[3,4,6,6,12],[3,4,4,8,12],[3,3,5,8,12],[5,6,8,12],[3,8,8,12],[3,3,4,9,12],[5,5,9,12],[4,6,9,12],[4,4,11,12],[3,5,11,12],[8,11,12],[3,4,12,12]]	[[3,3,3,3,3,3,3,3,3,4],[3,3,3,3,3,4,4,4,4],[3,4,4,4,4,4,4,4],[3,3,3,3,3,3,4,4,5],[3,3,4,4,4,4,4,5],[3,3,3,3,3,3,3,5,5],[3,3,3,4,4,4,5,5],[3,3,3,3,4,5,5,5],[4,4,4,4,5,5,5],[3,4,4,5,5,5,5],[3,3,5,5,5,5,5],[3,3,3,3,3,3,3,4,6],[3,3,3,4,4,4,4,6],[3,3,3,3,4,4,5,6],[4,4,4,4,4,5,6],[3,3,3,3,3,5,5,6],[3,4,4,4,5,5,6],[3,3,4,5,5,5,6],[5,5,5,5,5,6],[3,3,3,3,3,4,6,6],[3,4,4,4,4,6,6],[3,3,4,4,5,6,6],[3,3,3,5,5,6,6],[4,5,5,5,6,6],[3,3,3,4,6,6,6],[4,4,5,6,6,6],[3,5,5,6,6,6],[3,4,6,6,6,6],[3,3,3,3,3,4,4,8],[3,4,4,4,4,4,8],[3,3,3,3,3,3,5,8],[3,3,4,4,4,5,8],[3,3,3,4,5,5,8],[4,4,5,5,5,8],[3,5,5,5,5,8],[3,3,3,4,4,6,8],[3,3,3,3,5,6,8],[4,4,4,5,6,8],[3,4,5,5,6,8],[3,4,4,6,6,8],[3,3,5,6,6,8],[5,6,6,6,8],[3,3,3,3,3,8,8],[3,4,4,4,8,8],[3,3,4,5,8,8],[5,5,5,8,8],[3,3,3,6,8,8],[4,5,6,8,8],[3,6,6,8,8],[3,4,8,8,8],[3,3,3,3,3,3,4,9],[3,3,4,4,4,4,9],[3,3,3,4,4,5,9],[3,3,3,3,5,5,9],[4,4,4,5,5,9],[3,4,5,5,5,9],[3,3,3,3,4,6,9],[4,4,4,4,6,9],[3,4,4,5,6,9],[3,3,5,5,6,9],[3,3,4,6,6,9],[5,5,6,6,9],[4,6,6,6,9],[3,3,4,4,8,9],[3,3,3,5,8,9],[4,5,5,8,9],[4,4,6,8,9],[3,5,6,8,9],[3,3,8,8,9],[6,8,8,9],[3,3,3,4,9,9],[4,4,5,9,9],[3,5,5,9,9],[3,4,6,9,9],[5,8,9,9],[4,9,9,9],[3,3,3,3,4,4,11],[4,4,4,4,4,11],[3,3,3,3,3,5,11],[3,4,4,4,5,11],[3,3,4,5,5,11],[5,5,5,5,11],[3,3,4,4,6,11],[3,3,3,5,6,11],[4,5,5,6,11],[4,4,6,6,11],[3,5,6,6,11],[3,3,3,3,8,11],[4,4,4,8,11],[3,4,5,8,11],[3,3,6,8,11],[6,6,8,11],[4,8,8,11],[3,4,4,9,11],[3,3,5,9,11],[5,6,9,11],[3,8,9,11],[3,3,3,11,11],[4,5,11,11],[3,6,11,11],[9,11,11],[3,3,3,3,3,4,12],[3,4,4,4,4,12],[3,3,4,4,5,12],[3,3,3,5,5,12],[4,5,5,5,12],[3,3,3,4,6,12],[4,4,5,6,12],[3,5,5,6,12],[3,4,6,6,12],[3,4,4,8,12],[3,3,5,8,12],[5,6,8,12],[3,8,8,12],[3,3,4,9,12],[5,5,9,12],[4,6,9,12],[4,4,11,12],[3,5,11,12],[8,11,12],[3,4,12,12]]	
   
[11,5,12,7,9,8], 17	[[5,5,7],[8,9],[5,12]]	[[5,5,7],[8,9],[5,12]]	
   
[9,10,4,12,8,5,6], 27	[[4,4,4,5,5,5],[4,4,4,4,5,6],[5,5,5,6,6],[4,5,6,6,6],[4,5,5,5,8],[4,4,5,6,8],[5,6,8,8],[4,4,5,5,9],[4,4,4,6,9],[6,6,6,9],[5,5,8,9],[4,6,8,9],[4,5,9,9],[9,9,9],[4,4,4,5,10],[5,6,6,10],[4,5,8,10],[4,4,9,10],[8,9,10],[5,5,5,12],[4,5,6,12],[6,9,12],[5,10,12]]	[[4,4,4,5,5,5],[4,4,4,4,5,6],[5,5,5,6,6],[4,5,6,6,6],[4,5,5,5,8],[4,4,5,6,8],[5,6,8,8],[4,4,5,5,9],[4,4,4,6,9],[6,6,6,9],[5,5,8,9],[4,6,8,9],[4,5,9,9],[9,9,9],[4,4,4,5,10],[5,6,6,10],[4,5,8,10],[4,4,9,10],[8,9,10],[5,5,5,12],[4,5,6,12],[6,9,12],[5,10,12]]	
   
[4,3,10], 10	[[3,3,4],[10]]	[[3,3,4],[10]]	
   
[12,10,8,11,3,6], 20	[[3,3,3,3,8],[3,3,6,8],[6,6,8],[10,10],[3,3,3,11],[3,6,11],[8,12]]	[[3,3,3,3,8],[3,3,6,8],[6,6,8],[10,10],[3,3,3,11],[3,6,11],[8,12]]	
   
[4,9,6,12,5,10,7,8], 21	[[4,4,4,4,5],[5,5,5,6],[4,5,6,6],[4,5,5,7],[4,4,6,7],[7,7,7],[4,4,5,8],[6,7,8],[5,8,8],[4,4,4,9],[6,6,9],[5,7,9],[4,8,9],[5,6,10],[4,7,10],[4,5,12],[9,12]]	[[4,4,4,4,5],[5,5,5,6],[4,5,6,6],[4,5,5,7],[4,4,6,7],[7,7,7],[4,4,5,8],[6,7,8],[5,8,8],[4,4,4,9],[6,6,9],[5,7,9],[4,8,9],[5,6,10],[4,7,10],[4,5,12],[9,12]]	
   
[10,7,4,8,11], 14	[[7,7],[4,10]]	[[7,7],[4,10]]	
   
[48,22,49,24,26,47,33,40,37,39,31,46,36,43,45,34,28,20,29,25,41,32,23], 69	[[23,23,23],[22,23,24],[22,22,25],[20,24,25],[20,23,26],[20,20,29],[33,36],[32,37],[29,40],[28,41],[26,43],[24,45],[23,46],[22,47],[20,49]]	[[23,23,23],[22,23,24],[22,22,25],[20,24,25],[20,23,26],[20,20,29],[33,36],[32,37],[29,40],[28,41],[26,43],[24,45],[23,46],[22,47],[20,49]]	
   
[21,46,35,20,44,31,29,23,45,37,33,34,39,42,24,40,41,26,22,38,36,27,25,49,48,43], 71	[[23,24,24],[23,23,25],[22,24,25],[21,25,25],[22,23,26],[21,24,26],[20,25,26],[22,22,27],[21,23,27],[20,24,27],[21,21,29],[20,22,29],[20,20,31],[35,36],[34,37],[33,38],[31,40],[29,42],[27,44],[26,45],[25,46],[23,48],[22,49]]	[[23,24,24],[23,23,25],[22,24,25],[21,25,25],[22,23,26],[21,24,26],[20,25,26],[22,22,27],[21,23,27],[20,24,27],[21,21,29],[20,22,29],[20,20,31],[35,36],[34,37],[33,38],[31,40],[29,42],[27,44],[26,45],[25,46],[23,48],[22,49]]	
   
[30,34,25,24,29,38,36,42,45,44,31,28,26,37,23,20,47,40,49,46,39,43,33,41,27,32,35,48], 54	[[27,27],[26,28],[25,29],[24,30],[23,31],[20,34]]	[[27,27],[26,28],[25,29],[24,30],[23,31],[20,34]]	
   
[35,29,32,40,44,33,39,23,20,36,42,22,48,25,47,26,37,21,27,41,46,49,30,43,28,34,31,24,38], 72	[[24,24,24],[23,24,25],[22,25,25],[23,23,26],[22,24,26],[21,25,26],[20,26,26],[22,23,27],[21,24,27],[20,25,27],[22,22,28],[21,23,28],[20,24,28],[21,22,29],[20,23,29],[21,21,30],[20,22,30],[20,21,31],[20,20,32],[36,36],[35,37],[34,38],[33,39],[32,40],[31,41],[30,42],[29,43],[28,44],[26,46],[25,47],[24,48],[23,49]]	[[24,24,24],[23,24,25],[22,25,25],[23,23,26],[22,24,26],[21,25,26],[20,26,26],[22,23,27],[21,24,27],[20,25,27],[22,22,28],[21,23,28],[20,24,28],[21,22,29],[20,23,29],[21,21,30],[20,22,30],[20,21,31],[20,20,32],[36,36],[35,37],[34,38],[33,39],[32,40],[31,41],[30,42],[29,43],[28,44],[26,46],[25,47],[24,48],[23,49]]	
   
[37,40,28,39,36,20,23,44,27,47,34,29,30,33,32,49,48,41,24,25,26,38,21,45,46,35,31], 65	[[21,21,23],[20,21,24],[20,20,25],[32,33],[31,34],[30,35],[29,36],[28,37],[27,38],[26,39],[25,40],[24,41],[21,44],[20,45]]	[[21,21,23],[20,21,24],[20,20,25],[32,33],[31,34],[30,35],[29,36],[28,37],[27,38],[26,39],[25,40],[24,41],[21,44],[20,45]]	
   
[24,33,35,36,21,47,39,29,28,22,42,49,27,34,30,26,40,25,37,32,46,48,31,23,41], 62	[[31,31],[30,32],[29,33],[28,34],[27,35],[26,36],[25,37],[23,39],[22,40],[21,41]]	[[31,31],[30,32],[29,33],[28,34],[27,35],[26,36],[25,37],[23,39],[22,40],[21,41]]	
   
[20,41,30,40,34,43,47,31,48,29,45,21,24,35,38,26,39,25,42,37,23,28,49,27,22,32,44,36], 70	[[23,23,24],[22,24,24],[22,23,25],[21,24,25],[20,25,25],[22,22,26],[21,23,26],[20,24,26],[21,22,27],[20,23,27],[21,21,28],[20,22,28],[20,21,29],[20,20,30],[35,35],[34,36],[32,38],[31,39],[30,40],[29,41],[28,42],[27,43],[26,44],[25,45],[23,47],[22,48],[21,49]]	[[23,23,24],[22,24,24],[22,23,25],[21,24,25],[20,25,25],[22,22,26],[21,23,26],[20,24,26],[21,22,27],[20,23,27],[21,21,28],[20,22,28],[20,21,29],[20,20,30],[35,35],[34,36],[32,38],[31,39],[30,40],[29,41],[28,42],[27,43],[26,44],[25,45],[23,47],[22,48],[21,49]]	
   
[37,34,46,49,40,27,23,36,21,39,28,44,47,35,45,41,48,29,26,20,38,25,32,24,30,22], 57	[[28,29],[27,30],[25,32],[23,34],[22,35],[21,36],[20,37]]	[[28,29],[27,30],[25,32],[23,34],[22,35],[21,36],[20,37]]	
   
[36,48,43,21,41,44,30,35,42,26,25,22,28,38,29,34,24,37,46,32,33,39,47,49,40,45,27,31], 60	[[30,30],[29,31],[28,32],[27,33],[26,34],[25,35],[24,36],[22,38],[21,39]]	[[30,30],[29,31],[28,32],[27,33],[26,34],[25,35],[24,36],[22,38],[21,39]]	
   
[21,28,24,40,36,30,39,20,27,34,23,33,35,42,22,48,26,41,44,46,31,47,32,29,37,45,49,43], 50	[[24,26],[23,27],[22,28],[21,29],[20,30]]	[[24,26],[23,27],[22,28],[21,29],[20,30]]	
   
[27,34,37,31,48,35,39,41,20,36,49,32,25,40,22,43,29,45,44,42,38,26,30,47,23], 68	[[22,23,23],[20,23,25],[20,22,26],[34,34],[32,36],[31,37],[30,38],[29,39],[27,41],[26,42],[25,43],[23,45],[20,48]]	[[22,23,23],[20,23,25],[20,22,26],[34,34],[32,36],[31,37],[30,38],[29,39],[27,41],[26,42],[25,43],[23,45],[20,48]]	
   
[28,23,41,49,21,47,48,35,36,44,26,20,37,24,46,33,30,22,25,31,32,45,43,42,40,39,34,29,27], 69	[[23,23,23],[22,23,24],[21,24,24],[22,22,25],[21,23,25],[20,24,25],[21,22,26],[20,23,26],[21,21,27],[20,22,27],[20,21,28],[20,20,29],[34,35],[33,36],[32,37],[30,39],[29,40],[28,41],[27,42],[26,43],[25,44],[24,45],[23,46],[22,47],[21,48],[20,49]]	[[23,23,23],[22,23,24],[21,24,24],[22,22,25],[21,23,25],[20,24,25],[21,22,26],[20,23,26],[21,21,27],[20,22,27],[20,21,28],[20,20,29],[34,35],[33,36],[32,37],[30,39],[29,40],[28,41],[27,42],[26,43],[25,44],[24,45],[23,46],[22,47],[21,48],[20,49]]	
   
[32,45,37,34,30,46,29,33,47,39,21,43,38,25,40,48,35,22,24,41,26,42,44,23,49,28,31,20], 62	[[20,21,21],[20,20,22],[31,31],[30,32],[29,33],[28,34],[25,37],[24,38],[23,39],[22,40],[21,41],[20,42]]	[[20,21,21],[20,20,22],[31,31],[30,32],[29,33],[28,34],[25,37],[24,38],[23,39],[22,40],[21,41],[20,42]]	
   
[47,22,29,46,37,30,43,21,44,36,25,27,20,40,39,26,35,32,28,42,34,33,38,48,31,49,23,24,45,41], 55	[[27,28],[26,29],[25,30],[24,31],[23,32],[22,33],[21,34],[20,35]]	[[27,28],[26,29],[25,30],[24,31],[23,32],[22,33],[21,34],[20,35]]	
   
[26,40,35,41,49,39,47,20,38,44,32,43,37,36,42,25,33,30,24,29,45,22,28,48,23], 64	[[20,22,22],[20,20,24],[32,32],[29,35],[28,36],[26,38],[25,39],[24,40],[23,41],[22,42],[20,44]]	[[20,22,22],[20,20,24],[32,32],[29,35],[28,36],[26,38],[25,39],[24,40],[23,41],[22,42],[20,44]]	
   
[20,23,25,37,33,41,27,45,30,35,44,32,46,28,29,43,34,26,42,24,39,22,38,31,48,21,36,47,49], 68	[[22,23,23],[22,22,24],[21,23,24],[20,24,24],[21,22,25],[20,23,25],[21,21,26],[20,22,26],[20,21,27],[20,20,28],[34,34],[33,35],[32,36],[31,37],[30,38],[29,39],[27,41],[26,42],[25,43],[24,44],[23,45],[22,46],[21,47],[20,48]]	[[22,23,23],[22,22,24],[21,23,24],[20,24,24],[21,22,25],[20,23,25],[21,21,26],[20,22,26],[20,21,27],[20,20,28],[34,34],[33,35],[32,36],[31,37],[30,38],[29,39],[27,41],[26,42],[25,43],[24,44],[23,45],[22,46],[21,47],[20,48]]	
   
[29,49,27,44,35,23,21,42,37,30,45,32,20,28,48,38,46,40,47,34,22,39,25,43,33,36,41,31], 50	[[25,25],[23,27],[22,28],[21,29],[20,30]]	[[25,25],[23,27],[22,28],[21,29],[20,30]]	
   
[24,29,38,22,36,48,31,33,37,42,40,20,26,39,27,35,45,34,21,47,23,44,49,43,25,28,41,30,46], 68	[[22,23,23],[22,22,24],[21,23,24],[20,24,24],[21,22,25],[20,23,25],[21,21,26],[20,22,26],[20,21,27],[20,20,28],[34,34],[33,35],[31,37],[30,38],[29,39],[28,40],[27,41],[26,42],[25,43],[24,44],[23,45],[22,46],[21,47],[20,48]]	[[22,23,23],[22,22,24],[21,23,24],[20,24,24],[21,22,25],[20,23,25],[21,21,26],[20,22,26],[20,21,27],[20,20,28],[34,34],[33,35],[31,37],[30,38],[29,39],[28,40],[27,41],[26,42],[25,43],[24,44],[23,45],[22,46],[21,47],[20,48]]	
   
[20,39,38,47,23,21,40,44,29,46,33,22,24,35,49,48,32,25,43,30,34,26,36,45,41,27], 73	[[24,24,25],[23,25,25],[23,24,26],[22,25,26],[21,26,26],[23,23,27],[22,24,27],[21,25,27],[20,26,27],[22,22,29],[21,23,29],[20,24,29],[21,22,30],[20,23,30],[20,21,32],[20,20,33],[35,38],[34,39],[33,40],[32,41],[30,43],[29,44],[27,46],[26,47],[25,48],[24,49]]	[[24,24,25],[23,25,25],[23,24,26],[22,25,26],[21,26,26],[23,23,27],[22,24,27],[21,25,27],[20,26,27],[22,22,29],[21,23,29],[20,24,29],[21,22,30],[20,23,30],[20,21,32],[20,20,33],[35,38],[34,39],[33,40],[32,41],[30,43],[29,44],[27,46],[26,47],[25,48],[24,49]]	
   
[39,42,22,24,33,48,36,26,23,38,25,34,30,41,40,31,28,27,21,47,35,43,20,49,45,37,44,32], 61	[[20,20,21],[30,31],[28,33],[27,34],[26,35],[25,36],[24,37],[23,38],[22,39],[21,40],[20,41]]	[[20,20,21],[30,31],[28,33],[27,34],[26,35],[25,36],[24,37],[23,38],[22,39],[21,40],[20,41]]	
   
[20,21,43,47,49,38,40,31,46,35,37,23,25,30,39,22,41,27,42,26,24,45,48,44,33,32], 69	[[23,23,23],[22,23,24],[21,24,24],[22,22,25],[21,23,25],[20,24,25],[21,22,26],[20,23,26],[21,21,27],[20,22,27],[32,37],[31,38],[30,39],[27,42],[26,43],[25,44],[24,45],[23,46],[22,47],[21,48],[20,49]]	[[23,23,23],[22,23,24],[21,24,24],[22,22,25],[21,23,25],[20,24,25],[21,22,26],[20,23,26],[21,21,27],[20,22,27],[32,37],[31,38],[30,39],[27,42],[26,43],[25,44],[24,45],[23,46],[22,47],[21,48],[20,49]]	
   
[49,21,42,38,44,24,35,27,20,41,23,29,31,47,28,22,48,25,33,32,26,46,40,36,45], 69	[[23,23,23],[22,23,24],[21,24,24],[22,22,25],[21,23,25],[20,24,25],[21,22,26],[20,23,26],[21,21,27],[20,22,27],[20,21,28],[20,20,29],[33,36],[31,38],[29,40],[28,41],[27,42],[25,44],[24,45],[23,46],[22,47],[21,48],[20,49]]	[[23,23,23],[22,23,24],[21,24,24],[22,22,25],[21,23,25],[20,24,25],[21,22,26],[20,23,26],[21,21,27],[20,22,27],[20,21,28],[20,20,29],[33,36],[31,38],[29,40],[28,41],[27,42],[25,44],[24,45],[23,46],[22,47],[21,48],[20,49]]	
   
[41,21,30,32,38,22,39,31,36,48,44,35,43,34,45,20,26,25,24,40,33,23,46,29,42,37,28,49,27], 64	[[21,21,22],[20,22,22],[20,21,23],[20,20,24],[32,32],[31,33],[30,34],[29,35],[28,36],[27,37],[26,38],[25,39],[24,40],[23,41],[22,42],[21,43],[20,44]]	[[21,21,22],[20,22,22],[20,21,23],[20,20,24],[32,32],[31,33],[30,34],[29,35],[28,36],[27,37],[26,38],[25,39],[24,40],[23,41],[22,42],[21,43],[20,44]]	
   
[41,24,30,47,40,27,21,20,46,48,23,44,25,49,35,42,36,28,33,32,29,22,37,34,26,45], 53	[[26,27],[25,28],[24,29],[23,30],[21,32],[20,33]]	[[26,27],[25,28],[24,29],[23,30],[21,32],[20,33]]	
   
[47,36,30,38,22,41,45,35,32,28,46,48,40,24,39,23,42,21,33,43,31,26,27,37,29,34,49,20], 61	[[20,20,21],[30,31],[29,32],[28,33],[27,34],[26,35],[24,37],[23,38],[22,39],[21,40],[20,41]]	[[20,20,21],[30,31],[29,32],[28,33],[27,34],[26,35],[24,37],[23,38],[22,39],[21,40],[20,41]]	
   
[34,24,39,49,35,41,48,40,26,32,43,29,45,31,46,20,42,33,22,23,27,25,28,47,21,38,37,30,44], 66	[[22,22,22],[21,22,23],[20,23,23],[21,21,24],[20,22,24],[20,21,25],[20,20,26],[33,33],[32,34],[31,35],[29,37],[28,38],[27,39],[26,40],[25,41],[24,42],[23,43],[22,44],[21,45],[20,46]]	[[22,22,22],[21,22,23],[20,23,23],[21,21,24],[20,22,24],[20,21,25],[20,20,26],[33,33],[32,34],[31,35],[29,37],[28,38],[27,39],[26,40],[25,41],[24,42],[23,43],[22,44],[21,45],[20,46]]	
   
[39,33,28,35,38,46,22,26,47,20,30,42,29,43,48,34,24,36,40,32,23,41,37,27], 71	[[23,24,24],[22,23,26],[22,22,27],[20,24,27],[20,23,28],[20,22,29],[35,36],[34,37],[33,38],[32,39],[30,41],[29,42],[28,43],[24,47],[23,48]]	[[23,24,24],[22,23,26],[22,22,27],[20,24,27],[20,23,28],[20,22,29],[35,36],[34,37],[33,38],[32,39],[30,41],[29,42],[28,43],[24,47],[23,48]]	
   
[35,26,46,36,31,41,27,23,48,20,37,49,29,22,40,25,47,45,44,24,38,34,42,43,33,32,39,30], 66	[[22,22,22],[20,23,23],[20,22,24],[20,20,26],[33,33],[32,34],[31,35],[30,36],[29,37],[27,39],[26,40],[25,41],[24,42],[23,43],[22,44],[20,46]]	[[22,22,22],[20,23,23],[20,22,24],[20,20,26],[33,33],[32,34],[31,35],[30,36],[29,37],[27,39],[26,40],[25,41],[24,42],[23,43],[22,44],[20,46]]	
   
[21,33,34,40,31,32,25,22,41,46,27,49,48,44,29,45,23,35,39,36,26,43,20,37,28,38,30,47], 54	[[27,27],[26,28],[25,29],[23,31],[22,32],[21,33],[20,34]]	[[27,27],[26,28],[25,29],[23,31],[22,32],[21,33],[20,34]]	
   
[21,33,35,34,25,40,41,36,39,28,37,27,23,42,44,49,38,48,24,22,29,30,20,47,45,32,26,46,43], 62	[[20,21,21],[20,20,22],[30,32],[29,33],[28,34],[27,35],[26,36],[25,37],[24,38],[23,39],[22,40],[21,41],[20,42]]	[[20,21,21],[20,20,22],[30,32],[29,33],[28,34],[27,35],[26,36],[25,37],[24,38],[23,39],[22,40],[21,41],[20,42]]	
   
[24,41,43,34,48,37,31,47,45,32,33,25,46,27,20,26,36,39,35,49,28,23,21,40], 64	[[20,21,23],[20,20,24],[32,32],[31,33],[28,36],[27,37],[25,39],[24,40],[23,41],[21,43]]	[[20,21,23],[20,20,24],[32,32],[31,33],[28,36],[27,37],[25,39],[24,40],[23,41],[21,43]]	
   
[25,32,48,24,31,34,20,33,39,46,49,44,27,45,37,26,28,47,38,23,42,36,43,30,41], 56	[[28,28],[26,30],[25,31],[24,32],[23,33],[20,36]]	[[28,28],[26,30],[25,31],[24,32],[23,33],[20,36]]	
   
[40,36,43,21,24,25,45,35,33,44,26,46,31,30,49,22,34,23,41,32,28,27,38,47], 59	[[28,31],[27,32],[26,33],[25,34],[24,35],[23,36],[21,38]]	[[28,31],[27,32],[26,33],[25,34],[24,35],[23,36],[21,38]]	
   
[33,28,25,45,26,27,47,29,32,21,37,35,48,49,40,39,41,46,20,24,30,36,38,44,23,34], 51	[[25,26],[24,27],[23,28],[21,30]]	[[25,26],[24,27],[23,28],[21,30]]	
   
[42,26,36,38,35,41,20,47,45,23,33,39,25,43,29,31,28,48,21,46,22,30,37,32,44,40], 55	[[26,29],[25,30],[23,32],[22,33],[20,35]]	[[26,29],[25,30],[23,32],[22,33],[20,35]]	
   
[31,27,39,46,45,21,41,28,29,33,23,42,40,25,35,36,43,38,47,48,26,37,20,34,24,22,30,49], 74	[[24,25,25],[24,24,26],[23,25,26],[22,26,26],[23,24,27],[22,25,27],[21,26,27],[20,27,27],[23,23,28],[22,24,28],[21,25,28],[20,26,28],[22,23,29],[21,24,29],[20,25,29],[22,22,30],[21,23,30],[20,24,30],[21,22,31],[20,23,31],[20,21,33],[20,20,34],[37,37],[36,38],[35,39],[34,40],[33,41],[31,43],[29,45],[28,46],[27,47],[26,48],[25,49]]	[[24,25,25],[24,24,26],[23,25,26],[22,26,26],[23,24,27],[22,25,27],[21,26,27],[20,27,27],[23,23,28],[22,24,28],[21,25,28],[20,26,28],[22,23,29],[21,24,29],[20,25,29],[22,22,30],[21,23,30],[20,24,30],[21,22,31],[20,23,31],[20,21,33],[20,20,34],[37,37],[36,38],[35,39],[34,40],[33,41],[31,43],[29,45],[28,46],[27,47],[26,48],[25,49]]	
   
[44,40,27,30,23,36,49,22,43,24,28,34,45,26,38,41,39,47,32,35,33,42,20,37,21,25,48,46], 67	[[22,22,23],[21,23,23],[21,22,24],[20,23,24],[21,21,25],[20,22,25],[20,21,26],[20,20,27],[33,34],[32,35],[30,37],[28,39],[27,40],[26,41],[25,42],[24,43],[23,44],[22,45],[21,46],[20,47]]	[[22,22,23],[21,23,23],[21,22,24],[20,23,24],[21,21,25],[20,22,25],[20,21,26],[20,20,27],[33,34],[32,35],[30,37],[28,39],[27,40],[26,41],[25,42],[24,43],[23,44],[22,45],[21,46],[20,47]]	
   
[43,24,29,21,22,45,23,48,25,34,41,31,49,28,32,37,38,39,35,42,47,40,20,46,30,33], 53	[[25,28],[24,29],[23,30],[22,31],[21,32],[20,33]]	[[25,28],[24,29],[23,30],[22,31],[21,32],[20,33]]	
   
[42,49,21,27,34,29,46,35,37,36,20,31,43,26,32,39,30,41,23,47,40,28,33,38,25,48,44,24,45], 62	[[20,21,21],[31,31],[30,32],[29,33],[28,34],[27,35],[26,36],[25,37],[24,38],[23,39],[21,41],[20,42]]	[[20,21,21],[31,31],[30,32],[29,33],[28,34],[27,35],[26,36],[25,37],[24,38],[23,39],[21,41],[20,42]]	
   
[48,32,34,43,35,29,21,40,26,31,46,33,37,45,30,39,20,23,28,38,25,49,44,36,42,41,24,47,22,27], 56	[[28,28],[27,29],[26,30],[25,31],[24,32],[23,33],[22,34],[21,35],[20,36]]	[[28,28],[27,29],[26,30],[25,31],[24,32],[23,33],[22,34],[21,35],[20,36]]	
   
[37,46,40,45,35,24,31,23,27,49,30,42,34,36,39,43,28,20,26,41,21,38,47], 56	[[28,28],[26,30],[21,35],[20,36]]	[[28,28],[26,30],[21,35],[20,36]]	
   
[28,22,43,41,21,29,27,38,47,23,20,49,24,31,37,26,32,36,25,33,40,46,30,44,35], 74	[[24,25,25],[24,24,26],[23,25,26],[22,26,26],[23,24,27],[22,25,27],[21,26,27],[20,27,27],[23,23,28],[22,24,28],[21,25,28],[20,26,28],[22,23,29],[21,24,29],[20,25,29],[22,22,30],[21,23,30],[20,24,30],[21,22,31],[20,23,31],[21,21,32],[20,22,32],[20,21,33],[37,37],[36,38],[33,41],[31,43],[30,44],[28,46],[27,47],[25,49]]	[[24,25,25],[24,24,26],[23,25,26],[22,26,26],[23,24,27],[22,25,27],[21,26,27],[20,27,27],[23,23,28],[22,24,28],[21,25,28],[20,26,28],[22,23,29],[21,24,29],[20,25,29],[22,22,30],[21,23,30],[20,24,30],[21,22,31],[20,23,31],[21,21,32],[20,22,32],[20,21,33],[37,37],[36,38],[33,41],[31,43],[30,44],[28,46],[27,47],[25,49]]	
   
[36,24,22,27,21,43,32,40,47,30,28,20,29,41,34,31,48,44,37,23,38,26,49,35,45,42,46], 71	[[23,24,24],[22,23,26],[21,24,26],[22,22,27],[21,23,27],[20,24,27],[21,22,28],[20,23,28],[21,21,29],[20,22,29],[20,21,30],[20,20,31],[35,36],[34,37],[31,40],[30,41],[29,42],[28,43],[27,44],[26,45],[24,47],[23,48],[22,49]]	[[23,24,24],[22,23,26],[21,24,26],[22,22,27],[21,23,27],[20,24,27],[21,22,28],[20,23,28],[21,21,29],[20,22,29],[20,21,30],[20,20,31],[35,36],[34,37],[31,40],[30,41],[29,42],[28,43],[27,44],[26,45],[24,47],[23,48],[22,49]]	
   
[32,38,24,42,20,41,47,27,46,43,40,30,31,23,35,25,36,33,49,29,44,39,21,28,48,37,34,26,22], 53	[[26,27],[25,28],[24,29],[23,30],[22,31],[21,32],[20,33]]	[[26,27],[25,28],[24,29],[23,30],[22,31],[21,32],[20,33]]	
   
[42,21,29,44,37,38,32,39,40,47,33,46,45,36,31,48,34,24,26,28,20,41,22,30,27,49,43], 54	[[27,27],[26,28],[24,30],[22,32],[21,33],[20,34]]	[[27,27],[26,28],[24,30],[22,32],[21,33],[20,34]]	
   
[37,26,47,38,48,25,23,49,39,24,33,21,28,40,31,30,22,35,45,46,42,32,41,27,34,29,44,36], 52	[[26,26],[25,27],[24,28],[23,29],[22,30],[21,31]]	[[26,26],[25,27],[24,28],[23,29],[22,30],[21,31]]	
   
[44,35,41,38,24,29,47,40,43,22,30,33,34,32,25,48,39,45,28,42,20,49,27,36,26,37,46], 58	[[29,29],[28,30],[26,32],[25,33],[24,34],[22,36],[20,38]]	[[29,29],[28,30],[26,32],[25,33],[24,34],[22,36],[20,38]]	
   
[31,28,30,43,38,46,33,25,34,48,37,36,20,39,32,27,44,29,21,24,22,41,42,47,26,35,40,23], 58	[[29,29],[28,30],[27,31],[26,32],[25,33],[24,34],[23,35],[22,36],[21,37],[20,38]]	[[29,29],[28,30],[27,31],[26,32],[25,33],[24,34],[23,35],[22,36],[21,37],[20,38]]	
   
[27,25,45,32,29,26,44,23,39,37,31,28,20,34,33,42,35,41,47,38,43,22,48,36,40,46,21,30,49], 74	[[23,25,26],[22,26,26],[22,25,27],[21,26,27],[20,27,27],[23,23,28],[21,25,28],[20,26,28],[22,23,29],[20,25,29],[22,22,30],[21,23,30],[21,22,31],[20,23,31],[21,21,32],[20,22,32],[20,21,33],[20,20,34],[37,37],[36,38],[35,39],[34,40],[33,41],[32,42],[31,43],[30,44],[29,45],[28,46],[27,47],[26,48],[25,49]]	[[23,25,26],[22,26,26],[22,25,27],[21,26,27],[20,27,27],[23,23,28],[21,25,28],[20,26,28],[22,23,29],[20,25,29],[22,22,30],[21,23,30],[21,22,31],[20,23,31],[21,21,32],[20,22,32],[20,21,33],[20,20,34],[37,37],[36,38],[35,39],[34,40],[33,41],[32,42],[31,43],[30,44],[29,45],[28,46],[27,47],[26,48],[25,49]]	
   
[37,31,46,35,47,21,22,42,33,23,26,41,36,39,48,43,34,24,45,25,29,32,38,44,49], 74	[[24,25,25],[24,24,26],[23,25,26],[22,26,26],[22,23,29],[21,24,29],[21,22,31],[21,21,32],[37,37],[36,38],[35,39],[33,41],[32,42],[31,43],[29,45],[26,48],[25,49]]	[[24,25,25],[24,24,26],[23,25,26],[22,26,26],[22,23,29],[21,24,29],[21,22,31],[21,21,32],[37,37],[36,38],[35,39],[33,41],[32,42],[31,43],[29,45],[26,48],[25,49]]	
   
[71,79,97,107,81,87,70,102,92,95,80,83,84,91,119,111,89,86,108,98,104,88,82,116,73,74,90,117,85,75,93,99,100,112,78,72,114,96], 362	[[72,72,72,73,73],[71,72,73,73,73],[70,73,73,73,73],[72,72,72,72,74],[71,72,72,73,74],[71,71,73,73,74],[70,72,73,73,74],[71,71,72,74,74],[70,72,72,74,74],[70,71,73,74,74],[70,70,74,74,74],[71,72,72,72,75],[71,71,72,73,75],[70,72,72,73,75],[70,71,73,73,75],[71,71,71,74,75],[70,71,72,74,75],[70,70,73,74,75],[70,71,71,75,75],[70,70,72,75,75],[71,71,71,71,78],[70,71,71,72,78],[70,70,72,72,78],[70,70,71,73,78],[70,70,70,74,78],[70,71,71,71,79],[70,70,71,72,79],[70,70,70,73,79],[70,70,71,71,80],[70,70,70,72,80],[70,70,70,71,81],[70,70,70,70,82],[90,90,91,91],[89,91,91,91],[90,90,90,92],[89,90,91,92],[88,91,91,92],[89,89,92,92],[88,90,92,92],[87,91,92,92],[86,92,92,92],[89,90,90,93],[89,89,91,93],[88,90,91,93],[87,91,91,93],[88,89,92,93],[87,90,92,93],[86,91,92,93],[85,92,92,93],[88,88,93,93],[87,89,93,93],[86,90,93,93],[85,91,93,93],[84,92,93,93],[83,93,93,93],[89,89,89,95],[88,89,90,95],[87,90,90,95],[88,88,91,95],[87,89,91,95],[86,90,91,95],[85,91,91,95],[87,88,92,95],[86,89,92,95],[85,90,92,95],[84,91,92,95],[83,92,92,95],[87,87,93,95],[86,88,93,95],[85,89,93,95],[84,90,93,95],[83,91,93,95],[82,92,93,95],[81,93,93,95],[86,86,95,95],[85,87,95,95],[84,88,95,95],[83,89,95,95],[82,90,95,95],[81,91,95,95],[80,92,95,95],[79,93,95,95],[88,89,89,96],[88,88,90,96],[87,89,90,96],[86,90,90,96],[87,88,91,96],[86,89,91,96],[85,90,91,96],[84,91,91,96],[87,87,92,96],[86,88,92,96],[85,89,92,96],[84,90,92,96],[83,91,92,96],[82,92,92,96],[86,87,93,96],[85,88,93,96],[84,89,93,96],[83,90,93,96],[82,91,93,96],[81,92,93,96],[80,93,93,96],[85,86,95,96],[84,87,95,96],[83,88,95,96],[82,89,95,96],[81,90,95,96],[80,91,95,96],[79,92,95,96],[78,93,95,96],[85,85,96,96],[84,86,96,96],[83,87,96,96],[82,88,96,96],[81,89,96,96],[80,90,96,96],[79,91,96,96],[78,92,96,96],[75,95,96,96],[74,96,96,96],[88,88,89,97],[87,89,89,97],[87,88,90,97],[86,89,90,97],[85,90,90,97],[87,87,91,97],[86,88,91,97],[85,89,91,97],[84,90,91,97],[83,91,91,97],[86,87,92,97],[85,88,92,97],[84,89,92,97],[83,90,92,97],[82,91,92,97],[81,92,92,97],[86,86,93,97],[85,87,93,97],[84,88,93,97],[83,89,93,97],[82,90,93,97],[81,91,93,97],[80,92,93,97],[79,93,93,97],[85,85,95,97],[84,86,95,97],[83,87,95,97],[82,88,95,97],[81,89,95,97],[80,90,95,97],[79,91,95,97],[78,92,95,97],[75,95,95,97],[84,85,96,97],[83,86,96,97],[82,87,96,97],[81,88,96,97],[80,89,96,97],[79,90,96,97],[78,91,96,97],[74,95,96,97],[73,96,96,97],[84,84,97,97],[83,85,97,97],[82,86,97,97],[81,87,97,97],[80,88,97,97],[79,89,97,97],[78,90,97,97],[75,93,97,97],[73,95,97,97],[72,96,97,97],[71,97,97,97],[88,88,88,98],[87,88,89,98],[86,89,89,98],[87,87,90,98],[86,88,90,98],[85,89,90,98],[84,90,90,98],[86,87,91,98],[85,88,91,98],[84,89,91,98],[83,90,91,98],[82,91,91,98],[86,86,92,98],[85,87,92,98],[84,88,92,98],[83,89,92,98],[82,90,92,98],[81,91,92,98],[80,92,92,98],[85,86,93,98],[84,87,93,98],[83,88,93,98],[82,89,93,98],[81,90,93,98],[80,91,93,98],[79,92,93,98],[78,93,93,98],[84,85,95,98],[83,86,95,98],[82,87,95,98],[81,88,95,98],[80,89,95,98],[79,90,95,98],[78,91,95,98],[74,95,95,98],[84,84,96,98],[83,85,96,98],[82,86,96,98],[81,87,96,98],[80,88,96,98],[79,89,96,98],[78,90,96,98],[75,93,96,98],[73,95,96,98],[72,96,96,98],[83,84,97,98],[82,85,97,98],[81,86,97,98],[80,87,97,98],[79,88,97,98],[78,89,97,98],[75,92,97,98],[74,93,97,98],[72,95,97,98],[71,96,97,98],[70,97,97,98],[83,83,98,98],[82,84,98,98],[81,85,98,98],[80,86,98,98],[79,87,98,98],[78,88,98,98],[75,91,98,98],[74,92,98,98],[73,93,98,98],[71,95,98,98],[70,96,98,98],[87,88,88,99],[87,87,89,99],[86,88,89,99],[85,89,89,99],[86,87,90,99],[85,88,90,99],[84,89,90,99],[83,90,90,99],[86,86,91,99],[85,87,91,99],[84,88,91,99],[83,89,91,99],[82,90,91,99],[81,91,91,99],[85,86,92,99],[84,87,92,99],[83,88,92,99],[82,89,92,99],[81,90,92,99],[80,91,92,99],[79,92,92,99],[85,85,93,99],[84,86,93,99],[83,87,93,99],[82,88,93,99],[81,89,93,99],[80,90,93,99],[79,91,93,99],[78,92,93,99],[84,84,95,99],[83,85,95,99],[82,86,95,99],[81,87,95,99],[80,88,95,99],[79,89,95,99],[78,90,95,99],[75,93,95,99],[73,95,95,99],[83,84,96,99],[82,85,96,99],[81,86,96,99],[80,87,96,99],[79,88,96,99],[78,89,96,99],[75,92,96,99],[74,93,96,99],[72,95,96,99],[71,96,96,99],[83,83,97,99],[82,84,97,99],[81,85,97,99],[80,86,97,99],[79,87,97,99],[78,88,97,99],[75,91,97,99],[74,92,97,99],[73,93,97,99],[71,95,97,99],[70,96,97,99],[82,83,98,99],[81,84,98,99],[80,85,98,99],[79,86,98,99],[78,87,98,99],[75,90,98,99],[74,91,98,99],[73,92,98,99],[72,93,98,99],[70,95,98,99],[82,82,99,99],[81,83,99,99],[80,84,99,99],[79,85,99,99],[78,86,99,99],[75,89,99,99],[74,90,99,99],[73,91,99,99],[72,92,99,99],[71,93,99,99],[87,87,88,100],[86,88,88,100],[86,87,89,100],[85,88,89,100],[84,89,89,100],[86,86,90,100],[85,87,90,100],[84,88,90,100],[83,89,90,100],[82,90,90,100],[85,86,91,100],[84,87,91,100],[83,88,91,100],[82,89,91,100],[81,90,91,100],[80,91,91,100],[85,85,92,100],[84,86,92,100],[83,87,92,100],[82,88,92,100],[81,89,92,100],[80,90,92,100],[79,91,92,100],[78,92,92,100],[84,85,93,100],[83,86,93,100],[82,87,93,100],[81,88,93,100],[80,89,93,100],[79,90,93,100],[78,91,93,100],[83,84,95,100],[82,85,95,100],[81,86,95,100],[80,87,95,100],[79,88,95,100],[78,89,95,100],[75,92,95,100],[74,93,95,100],[72,95,95,100],[83,83,96,100],[82,84,96,100],[81,85,96,100],[80,86,96,100],[79,87,96,100],[78,88,96,100],[75,91,96,100],[74,92,96,100],[73,93,96,100],[71,95,96,100],[70,96,96,100],[82,83,97,100],[81,84,97,100],[80,85,97,100],[79,86,97,100],[78,87,97,100],[75,90,97,100],[74,91,97,100],[73,92,97,100],[72,93,97,100],[70,95,97,100],[82,82,98,100],[81,83,98,100],[80,84,98,100],[79,85,98,100],[78,86,98,100],[75,89,98,100],[74,90,98,100],[73,91,98,100],[72,92,98,100],[71,93,98,100],[81,82,99,100],[80,83,99,100],[79,84,99,100],[78,85,99,100],[75,88,99,100],[74,89,99,100],[73,90,99,100],[72,91,99,100],[71,92,99,100],[70,93,99,100],[81,81,100,100],[80,82,100,100],[79,83,100,100],[78,84,100,100],[75,87,100,100],[74,88,100,100],[73,89,100,100],[72,90,100,100],[71,91,100,100],[70,92,100,100],[86,87,87,102],[86,86,88,102],[85,87,88,102],[84,88,88,102],[85,86,89,102],[84,87,89,102],[83,88,89,102],[82,89,89,102],[85,85,90,102],[84,86,90,102],[83,87,90,102],[82,88,90,102],[81,89,90,102],[80,90,90,102],[84,85,91,102],[83,86,91,102],[82,87,91,102],[81,88,91,102],[80,89,91,102],[79,90,91,102],[78,91,91,102],[84,84,92,102],[83,85,92,102],[82,86,92,102],[81,87,92,102],[80,88,92,102],[79,89,92,102],[78,90,92,102],[83,84,93,102],[82,85,93,102],[81,86,93,102],[80,87,93,102],[79,88,93,102],[78,89,93,102],[75,92,93,102],[74,93,93,102],[82,83,95,102],[81,84,95,102],[80,85,95,102],[79,86,95,102],[78,87,95,102],[75,90,95,102],[74,91,95,102],[73,92,95,102],[72,93,95,102],[70,95,95,102],[82,82,96,102],[81,83,96,102],[80,84,96,102],[79,85,96,102],[78,86,96,102],[75,89,96,102],[74,90,96,102],[73,91,96,102],[72,92,96,102],[71,93,96,102],[81,82,97,102],[80,83,97,102],[79,84,97,102],[78,85,97,102],[75,88,97,102],[74,89,97,102],[73,90,97,102],[72,91,97,102],[71,92,97,102],[70,93,97,102],[81,81,98,102],[80,82,98,102],[79,83,98,102],[78,84,98,102],[75,87,98,102],[74,88,98,102],[73,89,98,102],[72,90,98,102],[71,91,98,102],[70,92,98,102],[80,81,99,102],[79,82,99,102],[78,83,99,102],[75,86,99,102],[74,87,99,102],[73,88,99,102],[72,89,99,102],[71,90,99,102],[70,91,99,102],[80,80,100,102],[79,81,100,102],[78,82,100,102],[75,85,100,102],[74,86,100,102],[73,87,100,102],[72,88,100,102],[71,89,100,102],[70,90,100,102],[79,79,102,102],[78,80,102,102],[75,83,102,102],[74,84,102,102],[73,85,102,102],[72,86,102,102],[71,87,102,102],[70,88,102,102],[86,86,86,104],[85,86,87,104],[84,87,87,104],[85,85,88,104],[84,86,88,104],[83,87,88,104],[82,88,88,104],[84,85,89,104],[83,86,89,104],[82,87,89,104],[81,88,89,104],[80,89,89,104],[84,84,90,104],[83,85,90,104],[82,86,90,104],[81,87,90,104],[80,88,90,104],[79,89,90,104],[78,90,90,104],[83,84,91,104],[82,85,91,104],[81,86,91,104],[80,87,91,104],[79,88,91,104],[78,89,91,104],[83,83,92,104],[82,84,92,104],[81,85,92,104],[80,86,92,104],[79,87,92,104],[78,88,92,104],[75,91,92,104],[74,92,92,104],[82,83,93,104],[81,84,93,104],[80,85,93,104],[79,86,93,104],[78,87,93,104],[75,90,93,104],[74,91,93,104],[73,92,93,104],[72,93,93,104],[81,82,95,104],[80,83,95,104],[79,84,95,104],[78,85,95,104],[75,88,95,104],[74,89,95,104],[73,90,95,104],[72,91,95,104],[71,92,95,104],[70,93,95,104],[81,81,96,104],[80,82,96,104],[79,83,96,104],[78,84,96,104],[75,87,96,104],[74,88,96,104],[73,89,96,104],[72,90,96,104],[71,91,96,104],[70,92,96,104],[80,81,97,104],[79,82,97,104],[78,83,97,104],[75,86,97,104],[74,87,97,104],[73,88,97,104],[72,89,97,104],[71,90,97,104],[70,91,97,104],[80,80,98,104],[79,81,98,104],[78,82,98,104],[75,85,98,104],[74,86,98,104],[73,87,98,104],[72,88,98,104],[71,89,98,104],[70,90,98,104],[79,80,99,104],[78,81,99,104],[75,84,99,104],[74,85,99,104],[73,86,99,104],[72,87,99,104],[71,88,99,104],[70,89,99,104],[79,79,100,104],[78,80,100,104],[75,83,100,104],[74,84,100,104],[73,85,100,104],[72,86,100,104],[71,87,100,104],[70,88,100,104],[78,78,102,104],[75,81,102,104],[74,82,102,104],[73,83,102,104],[72,84,102,104],[71,85,102,104],[70,86,102,104],[75,79,104,104],[74,80,104,104],[73,81,104,104],[72,82,104,104],[71,83,104,104],[70,84,104,104],[85,85,85,107],[84,85,86,107],[83,86,86,107],[84,84,87,107],[83,85,87,107],[82,86,87,107],[81,87,87,107],[83,84,88,107],[82,85,88,107],[81,86,88,107],[80,87,88,107],[79,88,88,107],[83,83,89,107],[82,84,89,107],[81,85,89,107],[80,86,89,107],[79,87,89,107],[78,88,89,107],[82,83,90,107],[81,84,90,107],[80,85,90,107],[79,86,90,107],[78,87,90,107],[75,90,90,107],[82,82,91,107],[81,83,91,107],[80,84,91,107],[79,85,91,107],[78,86,91,107],[75,89,91,107],[74,90,91,107],[73,91,91,107],[81,82,92,107],[80,83,92,107],[79,84,92,107],[78,85,92,107],[75,88,92,107],[74,89,92,107],[73,90,92,107],[72,91,92,107],[71,92,92,107],[81,81,93,107],[80,82,93,107],[79,83,93,107],[78,84,93,107],[75,87,93,107],[74,88,93,107],[73,89,93,107],[72,90,93,107],[71,91,93,107],[70,92,93,107],[80,80,95,107],[79,81,95,107],[78,82,95,107],[75,85,95,107],[74,86,95,107],[73,87,95,107],[72,88,95,107],[71,89,95,107],[70,90,95,107],[79,80,96,107],[78,81,96,107],[75,84,96,107],[74,85,96,107],[73,86,96,107],[72,87,96,107],[71,88,96,107],[70,89,96,107],[79,79,97,107],[78,80,97,107],[75,83,97,107],[74,84,97,107],[73,85,97,107],[72,86,97,107],[71,87,97,107],[70,88,97,107],[78,79,98,107],[75,82,98,107],[74,83,98,107],[73,84,98,107],[72,85,98,107],[71,86,98,107],[70,87,98,107],[78,78,99,107],[75,81,99,107],[74,82,99,107],[73,83,99,107],[72,84,99,107],[71,85,99,107],[70,86,99,107],[75,80,100,107],[74,81,100,107],[73,82,100,107],[72,83,100,107],[71,84,100,107],[70,85,100,107],[75,78,102,107],[74,79,102,107],[73,80,102,107],[72,81,102,107],[71,82,102,107],[70,83,102,107],[73,78,104,107],[72,79,104,107],[71,80,104,107],[70,81,104,107],[74,74,107,107],[73,75,107,107],[70,78,107,107],[84,85,85,108],[84,84,86,108],[83,85,86,108],[82,86,86,108],[83,84,87,108],[82,85,87,108],[81,86,87,108],[80,87,87,108],[83,83,88,108],[82,84,88,108],[81,85,88,108],[80,86,88,108],[79,87,88,108],[78,88,88,108],[82,83,89,108],[81,84,89,108],[80,85,89,108],[79,86,89,108],[78,87,89,108],[82,82,90,108],[81,83,90,108],[80,84,90,108],[79,85,90,108],[78,86,90,108],[75,89,90,108],[74,90,90,108],[81,82,91,108],[80,83,91,108],[79,84,91,108],[78,85,91,108],[75,88,91,108],[74,89,91,108],[73,90,91,108],[72,91,91,108],[81,81,92,108],[80,82,92,108],[79,83,92,108],[78,84,92,108],[75,87,92,108],[74,88,92,108],[73,89,92,108],[72,90,92,108],[71,91,92,108],[70,92,92,108],[80,81,93,108],[79,82,93,108],[78,83,93,108],[75,86,93,108],[74,87,93,108],[73,88,93,108],[72,89,93,108],[71,90,93,108],[70,91,93,108],[79,80,95,108],[78,81,95,108],[75,84,95,108],[74,85,95,108],[73,86,95,108],[72,87,95,108],[71,88,95,108],[70,89,95,108],[79,79,96,108],[78,80,96,108],[75,83,96,108],[74,84,96,108],[73,85,96,108],[72,86,96,108],[71,87,96,108],[70,88,96,108],[78,79,97,108],[75,82,97,108],[74,83,97,108],[73,84,97,108],[72,85,97,108],[71,86,97,108],[70,87,97,108],[78,78,98,108],[75,81,98,108],[74,82,98,108],[73,83,98,108],[72,84,98,108],[71,85,98,108],[70,86,98,108],[75,80,99,108],[74,81,99,108],[73,82,99,108],[72,83,99,108],[71,84,99,108],[70,85,99,108],[75,79,100,108],[74,80,100,108],[73,81,100,108],[72,82,100,108],[71,83,100,108],[70,84,100,108],[74,78,102,108],[73,79,102,108],[72,80,102,108],[71,81,102,108],[70,82,102,108],[75,75,104,108],[72,78,104,108],[71,79,104,108],[70,80,104,108],[73,74,107,108],[72,75,107,108],[73,73,108,108],[72,74,108,108],[71,75,108,108],[83,84,84,111],[83,83,85,111],[82,84,85,111],[81,85,85,111],[82,83,86,111],[81,84,86,111],[80,85,86,111],[79,86,86,111],[82,82,87,111],[81,83,87,111],[80,84,87,111],[79,85,87,111],[78,86,87,111],[81,82,88,111],[80,83,88,111],[79,84,88,111],[78,85,88,111],[75,88,88,111],[81,81,89,111],[80,82,89,111],[79,83,89,111],[78,84,89,111],[75,87,89,111],[74,88,89,111],[73,89,89,111],[80,81,90,111],[79,82,90,111],[78,83,90,111],[75,86,90,111],[74,87,90,111],[73,88,90,111],[72,89,90,111],[71,90,90,111],[80,80,91,111],[79,81,91,111],[78,82,91,111],[75,85,91,111],[74,86,91,111],[73,87,91,111],[72,88,91,111],[71,89,91,111],[70,90,91,111],[79,80,92,111],[78,81,92,111],[75,84,92,111],[74,85,92,111],[73,86,92,111],[72,87,92,111],[71,88,92,111],[70,89,92,111],[79,79,93,111],[78,80,93,111],[75,83,93,111],[74,84,93,111],[73,85,93,111],[72,86,93,111],[71,87,93,111],[70,88,93,111],[78,78,95,111],[75,81,95,111],[74,82,95,111],[73,83,95,111],[72,84,95,111],[71,85,95,111],[70,86,95,111],[75,80,96,111],[74,81,96,111],[73,82,96,111],[72,83,96,111],[71,84,96,111],[70,85,96,111],[75,79,97,111],[74,80,97,111],[73,81,97,111],[72,82,97,111],[71,83,97,111],[70,84,97,111],[75,78,98,111],[74,79,98,111],[73,80,98,111],[72,81,98,111],[71,82,98,111],[70,83,98,111],[74,78,99,111],[73,79,99,111],[72,80,99,111],[71,81,99,111],[70,82,99,111],[73,78,100,111],[72,79,100,111],[71,80,100,111],[70,81,100,111],[74,75,102,111],[71,78,102,111],[70,79,102,111],[73,74,104,111],[72,75,104,111],[72,72,107,111],[71,73,107,111],[70,74,107,111],[71,72,108,111],[70,73,108,111],[70,70,111,111],[83,83,84,112],[82,84,84,112],[82,83,85,112],[81,84,85,112],[80,85,85,112],[82,82,86,112],[81,83,86,112],[80,84,86,112],[79,85,86,112],[78,86,86,112],[81,82,87,112],[80,83,87,112],[79,84,87,112],[78,85,87,112],[81,81,88,112],[80,82,88,112],[79,83,88,112],[78,84,88,112],[75,87,88,112],[74,88,88,112],[80,81,89,112],[79,82,89,112],[78,83,89,112],[75,86,89,112],[74,87,89,112],[73,88,89,112],[72,89,89,112],[80,80,90,112],[79,81,90,112],[78,82,90,112],[75,85,90,112],[74,86,90,112],[73,87,90,112],[72,88,90,112],[71,89,90,112],[70,90,90,112],[79,80,91,112],[78,81,91,112],[75,84,91,112],[74,85,91,112],[73,86,91,112],[72,87,91,112],[71,88,91,112],[70,89,91,112],[79,79,92,112],[78,80,92,112],[75,83,92,112],[74,84,92,112],[73,85,92,112],[72,86,92,112],[71,87,92,112],[70,88,92,112],[78,79,93,112],[75,82,93,112],[74,83,93,112],[73,84,93,112],[72,85,93,112],[71,86,93,112],[70,87,93,112],[75,80,95,112],[74,81,95,112],[73,82,95,112],[72,83,95,112],[71,84,95,112],[70,85,95,112],[75,79,96,112],[74,80,96,112],[73,81,96,112],[72,82,96,112],[71,83,96,112],[70,84,96,112],[75,78,97,112],[74,79,97,112],[73,80,97,112],[72,81,97,112],[71,82,97,112],[70,83,97,112],[74,78,98,112],[73,79,98,112],[72,80,98,112],[71,81,98,112],[70,82,98,112],[73,78,99,112],[72,79,99,112],[71,80,99,112],[70,81,99,112],[75,75,100,112],[72,78,100,112],[71,79,100,112],[70,80,100,112],[74,74,102,112],[73,75,102,112],[70,78,102,112],[73,73,104,112],[72,74,104,112],[71,75,104,112],[71,72,107,112],[70,73,107,112],[71,71,108,112],[70,72,108,112],[82,83,83,114],[82,82,84,114],[81,83,84,114],[80,84,84,114],[81,82,85,114],[80,83,85,114],[79,84,85,114],[78,85,85,114],[81,81,86,114],[80,82,86,114],[79,83,86,114],[78,84,86,114],[80,81,87,114],[79,82,87,114],[78,83,87,114],[75,86,87,114],[74,87,87,114],[80,80,88,114],[79,81,88,114],[78,82,88,114],[75,85,88,114],[74,86,88,114],[73,87,88,114],[72,88,88,114],[79,80,89,114],[78,81,89,114],[75,84,89,114],[74,85,89,114],[73,86,89,114],[72,87,89,114],[71,88,89,114],[70,89,89,114],[79,79,90,114],[78,80,90,114],[75,83,90,114],[74,84,90,114],[73,85,90,114],[72,86,90,114],[71,87,90,114],[70,88,90,114],[78,79,91,114],[75,82,91,114],[74,83,91,114],[73,84,91,114],[72,85,91,114],[71,86,91,114],[70,87,91,114],[78,78,92,114],[75,81,92,114],[74,82,92,114],[73,83,92,114],[72,84,92,114],[71,85,92,114],[70,86,92,114],[75,80,93,114],[74,81,93,114],[73,82,93,114],[72,83,93,114],[71,84,93,114],[70,85,93,114],[75,78,95,114],[74,79,95,114],[73,80,95,114],[72,81,95,114],[71,82,95,114],[70,83,95,114],[74,78,96,114],[73,79,96,114],[72,80,96,114],[71,81,96,114],[70,82,96,114],[73,78,97,114],[72,79,97,114],[71,80,97,114],[70,81,97,114],[75,75,98,114],[72,78,98,114],[71,79,98,114],[70,80,98,114],[74,75,99,114],[71,78,99,114],[70,79,99,114],[74,74,100,114],[73,75,100,114],[70,78,100,114],[73,73,102,114],[72,74,102,114],[71,75,102,114],[72,72,104,114],[71,73,104,114],[70,74,104,114],[70,71,107,114],[70,70,108,114],[82,82,82,116],[81,82,83,116],[80,83,83,116],[81,81,84,116],[80,82,84,116],[79,83,84,116],[78,84,84,116],[80,81,85,116],[79,82,85,116],[78,83,85,116],[80,80,86,116],[79,81,86,116],[78,82,86,116],[75,85,86,116],[74,86,86,116],[79,80,87,116],[78,81,87,116],[75,84,87,116],[74,85,87,116],[73,86,87,116],[72,87,87,116],[79,79,88,116],[78,80,88,116],[75,83,88,116],[74,84,88,116],[73,85,88,116],[72,86,88,116],[71,87,88,116],[70,88,88,116],[78,79,89,116],[75,82,89,116],[74,83,89,116],[73,84,89,116],[72,85,89,116],[71,86,89,116],[70,87,89,116],[78,78,90,116],[75,81,90,116],[74,82,90,116],[73,83,90,116],[72,84,90,116],[71,85,90,116],[70,86,90,116],[75,80,91,116],[74,81,91,116],[73,82,91,116],[72,83,91,116],[71,84,91,116],[70,85,91,116],[75,79,92,116],[74,80,92,116],[73,81,92,116],[72,82,92,116],[71,83,92,116],[70,84,92,116],[75,78,93,116],[74,79,93,116],[73,80,93,116],[72,81,93,116],[71,82,93,116],[70,83,93,116],[73,78,95,116],[72,79,95,116],[71,80,95,116],[70,81,95,116],[75,75,96,116],[72,78,96,116],[71,79,96,116],[70,80,96,116],[74,75,97,116],[71,78,97,116],[70,79,97,116],[74,74,98,116],[73,75,98,116],[70,78,98,116],[73,74,99,116],[72,75,99,116],[73,73,100,116],[72,74,100,116],[71,75,100,116],[72,72,102,116],[71,73,102,116],[70,74,102,116],[71,71,104,116],[70,72,104,116],[81,82,82,117],[81,81,83,117],[80,82,83,117],[79,83,83,117],[80,81,84,117],[79,82,84,117],[78,83,84,117],[80,80,85,117],[79,81,85,117],[78,82,85,117],[75,85,85,117],[79,80,86,117],[78,81,86,117],[75,84,86,117],[74,85,86,117],[73,86,86,117],[79,79,87,117],[78,80,87,117],[75,83,87,117],[74,84,87,117],[73,85,87,117],[72,86,87,117],[71,87,87,117],[78,79,88,117],[75,82,88,117],[74,83,88,117],[73,84,88,117],[72,85,88,117],[71,86,88,117],[70,87,88,117],[78,78,89,117],[75,81,89,117],[74,82,89,117],[73,83,89,117],[72,84,89,117],[71,85,89,117],[70,86,89,117],[75,80,90,117],[74,81,90,117],[73,82,90,117],[72,83,90,117],[71,84,90,117],[70,85,90,117],[75,79,91,117],[74,80,91,117],[73,81,91,117],[72,82,91,117],[71,83,91,117],[70,84,91,117],[75,78,92,117],[74,79,92,117],[73,80,92,117],[72,81,92,117],[71,82,92,117],[70,83,92,117],[74,78,93,117],[73,79,93,117],[72,80,93,117],[71,81,93,117],[70,82,93,117],[75,75,95,117],[72,78,95,117],[71,79,95,117],[70,80,95,117],[74,75,96,117],[71,78,96,117],[70,79,96,117],[74,74,97,117],[73,75,97,117],[70,78,97,117],[73,74,98,117],[72,75,98,117],[73,73,99,117],[72,74,99,117],[71,75,99,117],[72,73,100,117],[71,74,100,117],[70,75,100,117],[71,72,102,117],[70,73,102,117],[70,71,104,117],[81,81,81,119],[80,81,82,119],[79,82,82,119],[80,80,83,119],[79,81,83,119],[78,82,83,119],[79,80,84,119],[78,81,84,119],[75,84,84,119],[79,79,85,119],[78,80,85,119],[75,83,85,119],[74,84,85,119],[73,85,85,119],[78,79,86,119],[75,82,86,119],[74,83,86,119],[73,84,86,119],[72,85,86,119],[71,86,86,119],[78,78,87,119],[75,81,87,119],[74,82,87,119],[73,83,87,119],[72,84,87,119],[71,85,87,119],[70,86,87,119],[75,80,88,119],[74,81,88,119],[73,82,88,119],[72,83,88,119],[71,84,88,119],[70,85,88,119],[75,79,89,119],[74,80,89,119],[73,81,89,119],[72,82,89,119],[71,83,89,119],[70,84,89,119],[75,78,90,119],[74,79,90,119],[73,80,90,119],[72,81,90,119],[71,82,90,119],[70,83,90,119],[74,78,91,119],[73,79,91,119],[72,80,91,119],[71,81,91,119],[70,82,91,119],[73,78,92,119],[72,79,92,119],[71,80,92,119],[70,81,92,119],[75,75,93,119],[72,78,93,119],[71,79,93,119],[70,80,93,119],[74,74,95,119],[73,75,95,119],[70,78,95,119],[73,74,96,119],[72,75,96,119],[73,73,97,119],[72,74,97,119],[71,75,97,119],[72,73,98,119],[71,74,98,119],[70,75,98,119],[72,72,99,119],[71,73,99,119],[70,74,99,119],[71,72,100,119],[70,73,100,119],[70,71,102,119]]