0, 0: 1 127 88
1, 0: 1 37 112
2, 0: 2 130 95
3, 0: 1 94 137
4, 0: 2 32 79
5, 0: 1 150 89
6, 0: 2 32 122
7, 0: 2 25 119
8, 0: 2 43 155
9, 0: 1 157 54
10, 0: 1 134 159
11, 0: 2 18 17
12, 0: 2 124 76
13, 0: 2 130 22
14, 0: 1 78 63
15, 0: 2 1 158
16, 0: 2 56 12
17, 0: 2 61 19
18, 0: 2 69 72
19, 0: 1 18 113
20, 0: 1 7 127
21, 0: 2 129 21
22, 0: 2 47 26
23, 0: 2 88 104
24, 0: 1 64 14
25, 0: 1 107 21
26, 0: 2 151 139
27, 0: 1 20 93
28, 0: 2 154 55
29, 0: 2 65 56
30, 0: 2 100 78
31, 0: 2 152 137
32, 0: 2 98 30
33, 1: 2 124 124
34, 1: 2 53 145
35, 1: 1 157 13
36, 1: 1 116 75
37, 1: 2 96 95
38, 1: 2 77 19
39, 1: 2 24 158
40, 1: 2 135 47
41, 1: 2 17 98
42, 1: 1 51 108
43, 1: 2 127 57
44, 1: 2 59 90
45, 1: 1 48 63
46, 1: 1 66 129
47, 1: 2 8 75
48, 1: 1 96 12
49, 1: 2 115 12
50, 1: 1 55 149
51, 1: 2 138 43
52, 1: 2 56 98
53, 1: 2 51 148
54, 1: 2 5 36
55, 1: 2 67 136
56, 1: 2 52 126
57, 1: 2 59 28
58, 1: 1 6 151
59, 1: 2 129 45
60, 1: 1 130 40
61, 1: 2 75 118
62, 1: 2 146 19
63, 1: 2 92 135
64, 1: 2 76 130
65, 1: 2 158 69
66, 1: 2 13 46
67, 1: 2 111 53
68, 1: 2 16 143
69, 1: 2 77 45
70, 1: 1 152 21
71, 1: 2 100 108
72, 1: 2 103 14
73, 1: 2 158 122
74, 1: 2 12 102
75, 1: 2 144 9
76, 1: 1 4 155
77, 1: 2 158 111
78, 1: 2 146 104
79, 1: 1 144 70
80, 1: 2 160 130
81, 1: 2 87 98
82, 1: 2 105 135
83, 1: 2 71 66
84, 1: 2 62 20
85, 1: 2 88 145
86, 1: 2 11 157
87, 1: 2 38 21
88, 1: 1 94 120
89, 1: 2 103 50
90, 1: 1 50 149
91, 1: 2 130 35
92, 1: 2 71 143
93, 1: 2 52 56
94, 2: 2 81 81
95, 2: 2 38 60
96, 2: 2 51 134
97, 2: 2 57 138
98, 2: 2 97 64
99, 2: 1 15 11
100, 2: 1 78 89
101, 2: 2 99 47
102, 3: 2 159 148
103, 4: 1 32 143
104, 4: 2 9 57
105, 4: 2 33 49
106, 4: 2 97 57
107, 4: 2 29 71
108, 4: 2 136 61
109, 4: 2 95 68
110, 4: 1 3 114
111, 4: 1 123 11
112, 4: 2 111 12
113, 4: 1 37 24
114, 4: 2 21 27
115, 5: 2 72 7
116, 5: 1 135 13
117, 5: 2 125 131
118, 6: 1 2 161
119, 7: 1 55 127
120, 8: 2 52 12
121, 9: 2 72 137
122, 10: 2 77 154
123, 10: 1 58 125
124, 10: 1 136 78
125, 10: 2 1 155
126, 10: 2 145 42
127, 10: 2 148 59
128, 11: 1 113 56
129, 11: 1 128 111
130, 11: 2 153 159
131, 11: 1 97 58
132, 11: 1 25 66
133, 11: 2 147 146
134, 12: 2 161 87
135, 12: 2 84 140
136, 12: 2 108 9
137, 13: 2 97 43
138, 14: 2 30 131
139, 15: 2 102 124
140, 15: 2 151 59
141, 16: 2 150 131
142, 16: 2 109 68
143, 16: 2 146 139
144, 17: 1 95 88
145, 17: 1 148 134
146, 17: 1 5 23
147, 18: 2 119 53
148, 18: 1 38 146
149, 19: 2 108 139
150, 19: 1 123 76
151, 19: 1 65 65
152, 19: 2 7 18
153, 20: 2 38 53
154, 20: 2 129 139
155, 20: 2 55 153
156, 20: 1 100 107
157, 20: 1 79 71
158, 20: 1 126 63
159, 21: 1 55 76
160, 21: 2 31 129
161, 22: 2 146 72
162, 23: 1 90 64
163, 24: 2 137 111
164, 24: 2 74 97
165, 24: 2 50 68
166, 24: 2 31 58
167, 25: 2 59 22
168, 25: 1 91 106
169, 25: 1 75 7
170, 25: 2 7 32
171, 26: 2 75 31
172, 26: 1 101 89
173, 27: 1 15 104
174, 28: 1 101 155
175, 28: 1 26 136
176, 28: 1 117 107
177, 29: 2 4 18
178, 29: 2 38 30
179, 29: 1 46 65
180, 29: 2 62 82
181, 29: 2 149 10
182, 29: 2 121 129
183, 29: 1 38 5
184, 29: 2 52 111
185, 30: 1 87 103
186, 30: 1 1 84
187, 31: 1 15 21
188, 32: 2 137 136
189, 33: 1 65 12
190, 34: 2 14 103
191, 35: 2 9 16
192, 35: 2 101 9
193, 35: 2 44 159
194, 36: 2 101 64
195, 37: 1 44 35
196, 38: 1 56 161
197, 39: 2 76 111
198, 40: 2 129 103
199, 41: 2 68 119
200, 42: 1 35 25
201, 42: 1 23 6
202, 42: 2 29 132
203, 42: 1 49 149
204, 43: 1 99 137
205, 43: 2 46 63
206, 43: 2 114 92
207, 44: 2 144 155
208, 45: 2 56 46
209, 46: 1 111 7
210, 46: 1 82 31
211, 47: 2 62 143
212, 47: 2 6 155
213, 48: 1 49 70
214, 49: 1 136 64
215, 49: 2 113 39
216, 50: 2 124 19
217, 51: 2 71 59
218, 52: 2 119 118
219, 52: 2 129 18
220, 52: 1 36 149
221, 52: 2 99 91
222, 53: 2 31 68
223, 54: 1 42 9
224, 55: 2 63 95
225, 55: 1 109 124
226, 55: 2 85 101
227, 56: 2 13 43
228, 57: 2 154 94
229, 58: 2 113 119
230, 59: 2 100 99
231, 60: 1 37 92
232, 61: 2 89 144
233, 62: 1 128 148
234, 62: 1 142 104
235, 63: 1 102 31
236, 63: 2 90 98
237, 64: 1 131 132
238, 64: 1 72 9
239, 65: 1 49 143
240, 66: 1 11 64
241, 67: 2 16 107
242, 68: 1 9 35
243, 68: 1 159 81
244, 68: 2 64 122
245, 68: 1 35 18
246, 69: 2 161 61
247, 70: 1 111 75
248, 71: 2 103 103
249, 72: 2 119 116
250, 73: 1 25 95
251, 73: 2 6 52
252, 73: 2 132 156
253, 73: 1 149 35
254, 73: 2 137 84
255, 74: 2 63 78
256, 75: 2 92 39
257, 76: 2 155 66
258, 77: 2 46 81
259, 78: 2 7 82
260, 79: 2 31 44
261, 80: 1 143 76
262, 81: 2 155 127
263, 81: 2 70 83
264, 82: 2 64 99
265, 83: 2 39 147
266, 83: 1 19 64
267, 84: 2 59 146
268, 84: 2 118 110
269, 85: 2 18 155
270, 85: 1 149 106
271, 86: 1 91 11
272, 87: 2 68 27
273, 88: 2 9 12
274, 89: 2 95 88
275, 90: 2 124 155
276, 91: 2 101 32
277, 92: 2 43 56
278, 92: 2 94 6
279, 92: 2 119 8
280, 93: 2 99 148
281, 94: 1 92 36
282, 95: 2 144 92
283, 95: 2 148 102
284, 96: 2 104 124
285, 96: 1 31 89
286, 97: 1 98 52
287, 97: 1 132 144
288, 97: 2 9 49
289, 98: 2 143 84
290, 99: 2 64 66
291, 100: 2 107 59
292, 101: 2 35 9
293, 102: 1 81 101
294, 102: 1 122 44
295, 102: 2 18 101
296, 103: 2 61 44
297, 104: 2 75 56
298, 105: 2 103 76
299, 106: 2 116 129
300, 106: 2 95 68
301, 107: 2 52 35
302, 108: 2 156 23
303, 109: 2 35 29
304, 109: 2 84 49
305, 109: 2 78 99
306, 110: 2 39 46
307, 110: 2 66 114
308, 111: 1 81 144
309, 111: 1 82 56
310, 111: 1 44 111
311, 111: 1 76 82
312, 112: 1 127 62
313, 113: 2 83 6
314, 113: 2 99 49
315, 113: 1 147 136
316, 113: 1 64 113
317, 114: 1 146 124
318, 114: 1 110 71
319, 115: 2 155 119
320, 116: 1 106 129
321, 117: 1 11 36
322, 117: 2 27 99
323, 118: 2 12 31
324, 119: 1 88 42
325, 120: 1 155 63
326, 121: 2 32 109
327, 122: 1 56 85
328, 122: 1 6 13
329, 122: 2 8 154
330, 122: 2 148 113
331, 122: 1 36 100
332, 122: 2 92 37
333, 123: 1 102 89
334, 123: 2 124 128
335, 124: 1 89 142
336, 125: 2 52 102
337, 126: 2 144 90
338, 126: 1 49 131
339, 127: 2 84 72
340, 128: 1 66 49
341, 129: 1 59 11
342, 130: 2 9 16
343, 130: 2 101 9
344, 130: 2 44 159
345, 131: 2 101 64
346, 132: 1 44 35
347, 133: 1 56 161
348, 134: 2 76 111
349, 135: 2 129 103
350, 136: 2 68 119
351, 137: 1 35 25
352, 137: 1 23 6
353, 137: 2 29 132
354, 137: 1 49 149
355, 138: 1 99 137
356, 138: 2 46 63
357, 138: 2 114 92
358, 139: 2 144 155
359, 140: 2 56 46
360, 141: 1 111 7
361, 141: 1 82 31
362, 142: 2 62 143
363, 142: 2 6 155
364, 143: 1 49 70
365, 144: 1 136 64
366, 144: 2 113 39
367, 145: 2 124 19
368, 146: 2 71 59
369, 147: 2 119 118
370, 147: 2 129 18
371, 147: 1 36 149
372, 147: 2 99 91
373, 148: 2 31 68
374, 149: 1 42 9
375, 150: 2 63 95
376, 150: 1 109 124
377, 150: 2 85 101
378, 151: 2 13 43
379, 152: 2 154 94
380, 153: 2 113 119
381, 154: 2 100 99
382, 155: 1 37 92
383, 156: 2 89 144
384, 157: 1 128 148
385, 157: 1 142 104
386, 158: 1 102 31
387, 158: 2 90 98
388, 159: 1 131 132
389, 159: 1 72 9
390, 160: 1 49 143
391, 161: 1 11 64
392, 162: 2 16 107
393, 163: 1 9 35
394, 163: 1 159 81
395, 163: 2 64 122
396, 163: 1 35 18
397, 164: 2 161 61
398, 165: 1 111 75
399, 166: 2 103 103
400, 167: 2 119 116
401, 168: 1 25 95
402, 168: 2 6 52
403, 168: 2 132 156
404, 168: 1 149 35
405, 168: 2 137 84
406, 169: 2 63 78
407, 170: 2 92 39
408, 171: 2 155 66
409, 172: 2 46 81
410, 173: 2 7 82
411, 174: 2 31 44
412, 175: 1 143 76
413, 176: 2 155 127
414, 176: 2 70 83
415, 177: 2 64 99
416, 178: 2 39 147
417, 178: 1 19 64
418, 179: 2 59 146
419, 179: 2 118 110
420, 180: 2 18 155
421, 180: 1 149 106
422, 181: 1 91 11
423, 182: 2 68 27
424, 183: 2 9 12
425, 184: 2 95 88
426, 185: 2 124 155
427, 186: 2 101 32
428, 187: 2 43 56
429, 187: 2 94 6
430, 187: 2 119 8
431, 188: 2 99 148
432, 189: 1 92 36
433, 190: 2 144 92
434, 190: 2 148 102
435, 191: 2 104 124
436, 191: 1 31 89
437, 192: 1 98 52
438, 192: 1 132 144
439, 192: 2 9 49
440, 193: 2 143 84
441, 194: 2 64 66
442, 195: 2 107 59
443, 196: 2 35 9
444, 197: 1 81 101
445, 197: 1 122 44
446, 197: 2 18 101
447, 198: 2 61 44
448, 199: 2 75 56
449, 200: 2 103 76
450, 201: 2 116 129
451, 201: 2 95 68
452, 202: 2 52 35
453, 203: 2 156 23
454, 204: 2 35 29
455, 204: 2 84 49
456, 204: 2 78 99
457, 205: 2 39 46
458, 205: 2 66 114
459, 206: 1 81 144
460, 206: 1 82 56
461, 206: 1 44 111
462, 206: 1 76 82
463, 207: 1 127 62
464, 208: 2 83 6
465, 208: 2 99 49
466, 208: 1 147 136
467, 208: 1 64 113
468, 209: 1 146 124
469, 209: 1 110 71
470, 210: 2 155 119
471, 211: 1 106 129
472, 212: 1 11 36
473, 212: 2 27 99
474, 213: 2 12 31
475, 214: 1 88 42
476, 215: 1 155 63
477, 216: 2 32 109
478, 217: 1 56 85
479, 217: 1 6 13
480, 217: 2 8 154
481, 217: 2 148 113
482, 217: 1 36 100
483, 217: 2 92 37
484, 218: 1 102 89
485, 218: 2 124 128
486, 219: 1 89 142
487, 220: 2 52 102
488, 221: 2 144 90
489, 221: 1 49 131
490, 222: 2 84 72
491, 223: 1 66 49
492, 224: 1 59 11
493, 225: 2 9 16
494, 225: 2 101 9
495, 225: 2 44 159
496, 226: 2 101 64
497, 227: 1 44 35
498, 228: 1 56 161
499, 229: 2 76 111
500, 230: 2 129 103
501, 231: 2 68 119
502, 232: 1 35 25
503, 232: 1 23 6
504, 232: 2 29 132
505, 232: 1 49 149
506, 233: 1 99 137
507, 233: 2 46 63
508, 233: 2 114 92
509, 234: 2 144 155
510, 235: 2 56 46
511, 236: 1 111 7
512, 236: 1 82 31
513, 237: 2 62 143
514, 237: 2 6 155
515, 238: 1 49 70
516, 239: 1 136 64
517, 239: 2 113 39
518, 240: 2 124 19
519, 241: 2 71 59
520, 242: 2 119 118
521, 242: 2 129 18
522, 242: 1 36 149
523, 242: 2 99 91
524, 243: 2 31 68
525, 244: 1 42 9
526, 245: 2 63 95
527, 245: 1 109 124
528, 245: 2 85 101
529, 246: 2 13 43
530, 247: 2 154 94
531, 248: 2 113 119
532, 249: 2 100 99
533, 250: 1 37 92
534, 251: 2 89 144
535, 252: 1 128 148
536, 252: 1 142 104
537, 253: 1 102 31
538, 253: 2 90 98
539, 254: 1 131 132
540, 254: 1 72 9
541, 255: 1 49 143
542, 256: 1 11 64
543, 257: 2 16 107
544, 258: 1 9 35
545, 258: 1 159 81
546, 258: 2 64 122
547, 258: 1 35 18
548, 259: 2 161 61
549, 260: 1 111 75
550, 261: 2 103 103
551, 262: 2 119 116
552, 263: 1 25 95
553, 263: 2 6 52
554, 263: 2 132 156
555, 263: 1 149 35
556, 263: 2 137 84
557, 264: 2 63 78
558, 265: 2 92 39
559, 266: 2 155 66
560, 267: 2 46 81
561, 268: 2 7 82
562, 269: 2 31 44
563, 270: 1 143 76
564, 271: 2 155 127
565, 271: 2 70 83
566, 272: 2 64 99
567, 273: 2 39 147
568, 273: 1 19 64
569, 274: 2 59 146
570, 274: 2 118 110
571, 275: 2 18 155
572, 275: 1 149 106
573, 276: 1 91 11
574, 277: 2 68 27
575, 278: 2 9 12
576, 279: 2 95 88
577, 280: 2 124 155
578, 281: 2 101 32
579, 282: 2 43 56
580, 282: 2 94 6
581, 282: 2 119 8
582, 283: 2 99 148
583, 284: 1 92 36
584, 285: 2 144 92
585, 285: 2 148 102
586, 286: 2 104 124
587, 286: 1 31 89
588, 287: 1 98 52
589, 287: 1 132 144
590, 287: 2 9 49
591, 288: 2 143 84
592, 289: 2 64 66
593, 290: 2 107 59
594, 291: 2 35 9
595, 292: 1 81 101
596, 292: 1 122 44
597, 292: 2 18 101
598, 293: 2 61 44
599, 294: 2 75 56
600, 295: 2 103 76
601, 296: 2 116 129
602, 296: 2 95 68
603, 297: 2 52 35
604, 298: 2 156 23
605, 299: 2 35 29
606, 299: 2 84 49
607, 299: 2 78 99
608, 300: 2 39 46
609, 300: 2 66 114
610, 301: 1 81 144
611, 301: 1 82 56
612, 301: 1 44 111
613, 301: 1 76 82
614, 302: 1 127 62
615, 303: 2 83 6
616, 303: 2 99 49
617, 303: 1 147 136
618, 303: 1 64 113
619, 304: 1 146 124
620, 304: 1 110 71
621, 305: 2 155 119
622, 306: 1 106 129
623, 307: 1 11 36
624, 307: 2 27 99
625, 308: 2 12 31
626, 309: 1 88 42
627, 310: 1 155 63
628, 311: 2 32 109
629, 312: 1 56 85
630, 312: 1 6 13
631, 312: 2 8 154
632, 312: 2 148 113
633, 312: 1 36 100
634, 312: 2 92 37
635, 313: 1 102 89
636, 313: 2 124 128
637, 314: 1 89 142
638, 315: 2 52 102
639, 316: 2 144 90
640, 316: 1 49 131
641, 317: 2 84 72
642, 318: 1 66 49
643, 319: 1 59 11
644, 320: 2 9 16
645, 320: 2 101 9
646, 320: 2 44 159
647, 321: 2 101 64
648, 322: 1 44 35
649, 323: 1 56 161
650, 324: 2 76 111
651, 325: 2 129 103
652, 326: 2 68 119
653, 327: 1 35 25
654, 327: 1 23 6
655, 327: 2 29 132
656, 327: 1 49 149
657, 328: 1 99 137
658, 328: 2 46 63
659, 328: 2 114 92
660, 329: 2 144 155
661, 330: 2 56 46
662, 331: 1 111 7
663, 331: 1 82 31
664, 332: 2 62 143
665, 332: 2 6 155
666, 333: 1 49 70
667, 334: 1 136 64
668, 334: 2 113 39
669, 335: 2 124 19
670, 336: 2 71 59
671, 337: 2 119 118
672, 337: 2 129 18
673, 337: 1 36 149
674, 337: 2 99 91
675, 338: 2 31 68
676, 339: 1 42 9
677, 340: 2 63 95
678, 340: 1 109 124
679, 340: 2 85 101
680, 341: 2 13 43
681, 342: 2 154 94
682, 343: 2 113 119
683, 344: 2 100 99
684, 345: 1 37 92
685, 346: 2 89 144
686, 347: 1 128 148
687, 347: 1 142 104
688, 348: 1 102 31
689, 348: 2 90 98
690, 349: 1 131 132
691, 349: 1 72 9
692, 350: 1 49 143
693, 351: 1 11 64
694, 352: 2 16 107
695, 353: 1 9 35
696, 353: 1 159 81
697, 353: 2 64 122
698, 353: 1 35 18
699, 354: 2 161 61
700, 355: 1 111 75
701, 356: 2 103 103
702, 357: 2 119 116
703, 358: 1 25 95
704, 358: 2 6 52
705, 358: 2 132 156
706, 358: 1 149 35
707, 358: 2 137 84
708, 359: 2 63 78
709, 360: 2 92 39
710, 361: 2 155 66
711, 362: 2 46 81
712, 363: 2 7 82
713, 364: 2 31 44
714, 365: 1 143 76
715, 366: 2 155 127
716, 366: 2 70 83
717, 367: 2 64 99
718, 368: 2 39 147
719, 368: 1 19 64
720, 369: 2 59 146
721, 369: 2 118 110
722, 370: 2 18 155
723, 370: 1 149 106
724, 371: 1 91 11
725, 372: 2 68 27
726, 373: 2 9 12
727, 374: 2 95 88
728, 375: 2 124 155
729, 376: 2 101 32
730, 377: 2 43 56
731, 377: 2 94 6
732, 377: 2 119 8
733, 378: 2 99 148
734, 379: 1 92 36
735, 380: 2 144 92
736, 380: 2 148 102
737, 381: 2 104 124
738, 381: 1 31 89
739, 382: 1 98 52
740, 382: 1 132 144
741, 382: 2 9 49
742, 383: 2 143 84
743, 384: 2 64 66
744, 385: 2 107 59
745, 386: 2 35 9
746, 387: 1 81 101
747, 387: 1 122 44
748, 387: 2 18 101
749, 388: 2 61 44
750, 389: 2 75 56
751, 390: 2 103 76
752, 391: 2 116 129
753, 391: 2 95 68
754, 392: 2 52 35
755, 393: 2 156 23
756, 394: 2 35 29
757, 394: 2 84 49
758, 394: 2 78 99
759, 395: 2 39 46
760, 395: 2 66 114
761, 396: 1 81 144
762, 396: 1 82 56
763, 396: 1 44 111
764, 396: 1 76 82
765, 397: 1 127 62
766, 398: 2 83 6
767, 398: 2 99 49
768, 398: 1 147 136
769, 398: 1 64 113
770, 399: 1 146 124
771, 399: 1 110 71
772, 400: 2 155 119
773, 401: 1 106 129
774, 402: 1 11 36
775, 402: 2 27 99
776, 403: 2 12 31
777, 404: 1 88 42
778, 405: 1 155 63
779, 406: 2 32 109
780, 407: 1 56 85
781, 407: 1 6 13
782, 407: 2 8 154
783, 407: 2 148 113
784, 407: 1 36 100
785, 407: 2 92 37
786, 408: 1 102 89
787, 408: 2 124 128
788, 409: 1 89 142
789, 410: 2 52 102
790, 411: 2 144 90
791, 411: 1 49 131
792, 412: 2 84 72
793, 413: 1 66 49
794, 414: 1 59 11
795, 415: 2 9 16
796, 415: 2 101 9
797, 415: 2 44 159
798, 416: 2 101 64
799, 417: 1 44 35
800, 418: 1 56 161
801, 419: 2 76 111
802, 420: 2 129 103
803, 421: 2 68 119
804, 422: 1 35 25
805, 422: 1 23 6
806, 422: 2 29 132
807, 422: 1 49 149
808, 423: 1 99 137
809, 423: 2 46 63
810, 423: 2 114 92
811, 424: 2 144 155
812, 425: 2 56 46
813, 426: 1 111 7
814, 426: 1 82 31
815, 427: 2 62 143
816, 427: 2 6 155
817, 428: 1 49 70
818, 429: 1 136 64
819, 429: 2 113 39
820, 430: 2 124 19
821, 431: 2 71 59
822, 432: 2 119 118
823, 432: 2 129 18
824, 432: 1 36 149
825, 432: 2 99 91
826, 433: 2 31 68
827, 434: 1 42 9
828, 435: 2 63 95
829, 435: 1 109 124
830, 435: 2 85 101
831, 436: 2 13 43
832, 437: 2 154 94
833, 438: 2 113 119
834, 439: 2 100 99
835, 440: 1 37 92
836, 441: 2 89 144
837, 442: 1 128 148
838, 442: 1 142 104
839, 443: 1 102 31
840, 443: 2 90 98
841, 444: 1 131 132
842, 444: 1 72 9
843, 445: 1 49 143
844, 446: 1 11 64
845, 447: 2 16 107
846, 448: 1 9 35
847, 448: 1 159 81
848, 448: 2 64 122
849, 448: 1 35 18
850, 449: 2 161 61
851, 450: 1 111 75
852, 451: 2 103 103
853, 452: 2 119 116
854, 453: 1 25 95
855, 453: 2 6 52
856, 453: 2 132 156
857, 453: 1 149 35
858, 453: 2 137 84
859, 454: 2 63 78
860, 455: 2 92 39
861, 456: 2 155 66
862, 457: 2 46 81
863, 458: 2 7 82
864, 459: 2 31 44
865, 460: 1 143 76
866, 461: 2 155 127
867, 461: 2 70 83
868, 462: 2 64 99
869, 463: 2 39 147
870, 463: 1 19 64
871, 464: 2 59 146
872, 464: 2 118 110
873, 465: 2 18 155
874, 465: 1 149 106
875, 466: 1 91 11
876, 467: 2 68 27
877, 468: 2 9 12
878, 469: 2 95 88
879, 470: 2 124 155
880, 471: 2 101 32
881, 472: 2 43 56
882, 472: 2 94 6
883, 472: 2 119 8
884, 473: 2 99 148
885, 474: 1 92 36
886, 475: 2 144 92
887, 475: 2 148 102
888, 476: 2 104 124
889, 476: 1 31 89
890, 477: 1 98 52
891, 477: 1 132 144
892, 477: 2 9 49
893, 478: 2 143 84
894, 479: 2 64 66
895, 480: 2 107 59
896, 481: 2 35 9
897, 482: 1 81 101
898, 482: 1 122 44
899, 482: 2 18 101
900, 483: 2 61 44
901, 484: 2 75 56
902, 485: 2 103 76
903, 486: 2 116 129
904, 486: 2 95 68
905, 487: 2 52 35
906, 488: 2 156 23
907, 489: 2 35 29
908, 489: 2 84 49
909, 489: 2 78 99
910, 490: 2 39 46
911, 490: 2 66 114
912, 491: 1 81 144
913, 491: 1 82 56
914, 491: 1 44 111
915, 491: 1 76 82
916, 492: 1 127 62
917, 493: 2 83 6
918, 493: 2 99 49
919, 493: 1 147 136
920, 493: 1 64 113
921, 494: 1 146 124
922, 494: 1 110 71
923, 495: 2 155 119
924, 496: 1 106 129
925, 497: 1 11 36
926, 497: 2 27 99
927, 498: 2 12 31
928, 499: 1 88 42
929, 500: 1 155 63
930, 501: 2 32 109
931, 502: 1 56 85
932, 502: 1 6 13
933, 502: 2 8 154
934, 502: 2 148 113
935, 502: 1 36 100
936, 502: 2 92 37
937, 503: 1 102 89
938, 503: 2 124 128
939, 504: 1 89 142
940, 505: 2 52 102
941, 506: 2 144 90
942, 506: 1 49 131
943, 507: 2 84 72
944, 508: 1 66 49
945, 509: 1 59 11
946, 510: 2 9 16
947, 510: 2 101 9
948, 510: 2 44 159
949, 511: 2 101 64
950, 512: 1 44 35
951, 513: 1 56 161
952, 514: 2 76 111
953, 515: 2 129 103
954, 516: 2 68 119
955, 517: 1 35 25
956, 517: 1 23 6
957, 517: 2 29 132
958, 517: 1 49 149
959, 518: 1 99 137
960, 518: 2 46 63
961, 518: 2 114 92
962, 519: 2 144 155
963, 520: 2 56 46
964, 521: 1 111 7
965, 521: 1 82 31
966, 522: 2 62 143
967, 522: 2 6 155
968, 523: 1 49 70
969, 524: 1 136 64
970, 524: 2 113 39
971, 525: 2 124 19
972, 526: 2 71 59
973, 527: 2 119 118
974, 527: 2 129 18
975, 527: 1 36 149
976, 527: 2 99 91
977, 528: 2 31 68
978, 529: 1 42 9
979, 530: 2 63 95
980, 530: 1 109 124
981, 530: 2 85 101
982, 531: 2 13 43
983, 532: 2 154 94
984, 533: 2 113 119
985, 534: 2 100 99
986, 535: 1 37 92
987, 536: 2 89 144
988, 537: 1 128 148
989, 537: 1 142 104
990, 538: 1 102 31
991, 538: 2 90 98
992, 539: 1 131 132
993, 539: 1 72 9
994, 540: 1 49 143
995, 541: 1 11 64
996, 542: 2 16 107
997, 543: 1 9 35
998, 543: 1 159 81
999, 543: 2 64 122
1000, 543: 1 35 18
1001, 544: 2 161 61
1002, 545: 1 111 75
1003, 546: 2 103 103
1004, 547: 2 119 116
1005, 548: 1 25 95
1006, 548: 2 6 52
1007, 548: 2 132 156
1008, 548: 1 149 35
1009, 548: 2 137 84
1010, 549: 2 63 78
1011, 550: 2 92 39
1012, 551: 2 155 66
1013, 552: 2 46 81
1014, 553: 2 7 82
1015, 554: 2 31 44
1016, 555: 1 143 76
1017, 556: 2 155 127
1018, 556: 2 70 83
1019, 557: 2 64 99
1020, 558: 2 39 147
1021, 558: 1 19 64
1022, 559: 2 59 146
1023, 559: 2 118 110
1024, 560: 2 18 155
1025, 560: 1 149 106
1026, 561: 1 91 11
1027, 562: 2 68 27
1028, 563: 2 9 12
1029, 564: 2 95 88
1030, 565: 2 124 155
1031, 566: 2 101 32
1032, 567: 2 43 56
1033, 567: 2 94 6
1034, 567: 2 119 8
1035, 568: 2 99 148
1036, 569: 1 92 36
1037, 570: 2 144 92
1038, 570: 2 148 102
1039, 571: 2 104 124
1040, 571: 1 31 89
1041, 572: 1 98 52
1042, 572: 1 132 144
1043, 572: 2 9 49
1044, 573: 2 143 84
1045, 574: 2 64 66
1046, 575: 2 107 59
1047, 576: 2 35 9
1048, 577: 1 81 101
1049, 577: 1 122 44
1050, 577: 2 18 101
1051, 578: 2 61 44
1052, 579: 2 75 56
1053, 580: 2 103 76
1054, 581: 2 116 129
1055, 581: 2 95 68
1056, 582: 2 52 35
1057, 583: 2 156 23
1058, 584: 2 35 29
1059, 584: 2 84 49
1060, 584: 2 78 99
1061, 585: 2 39 46
1062, 585: 2 66 114
1063, 586: 1 81 144
1064, 586: 1 82 56
1065, 586: 1 44 111
1066, 586: 1 76 82
1067, 587: 1 127 62
1068, 588: 2 83 6
1069, 588: 2 99 49
1070, 588: 1 147 136
1071, 588: 1 64 113
1072, 589: 1 146 124
1073, 589: 1 110 71
1074, 590: 2 155 119
1075, 591: 1 106 129
1076, 592: 1 11 36
1077, 592: 2 27 99
1078, 593: 2 12 31
1079, 594: 1 88 42
1080, 595: 1 155 63
1081, 596: 2 32 109
1082, 597: 1 56 85
1083, 597: 1 6 13
1084, 597: 2 8 154
1085, 597: 2 148 113
1086, 597: 1 36 100
1087, 597: 2 92 37
1088, 598: 1 102 89
1089, 598: 2 124 128
1090, 599: 1 89 142
1091, 600: 2 52 102
1092, 601: 2 144 90
1093, 601: 1 49 131
1094, 602: 2 84 72
1095, 603: 1 66 49
1096, 604: 1 59 11
1097, 605: 2 9 16
1098, 605: 2 101 9
1099, 605: 2 44 159
1100, 606: 2 101 64
1101, 607: 1 44 35
1102, 608: 1 56 161
1103, 609: 2 76 111
1104, 610: 2 129 103
1105, 611: 2 68 119
1106, 612: 1 35 25
1107, 612: 1 23 6
1108, 612: 2 29 132
1109, 612: 1 49 149
1110, 613: 1 99 137
1111, 613: 2 46 63
1112, 613: 2 114 92
1113, 614: 2 144 155
1114, 615: 2 56 46
1115, 616: 1 111 7
1116, 616: 1 82 31
1117, 617: 2 62 143
1118, 617: 2 6 155
1119, 618: 1 49 70
1120, 619: 1 136 64
1121, 619: 2 113 39
1122, 620: 2 124 19
1123, 621: 2 71 59
1124, 622: 2 119 118
1125, 622: 2 129 18
1126, 622: 1 36 149
1127, 622: 2 99 91
1128, 623: 2 31 68
1129, 624: 1 42 9
1130, 625: 2 63 95
1131, 625: 1 109 124
1132, 625: 2 85 101
1133, 626: 2 13 43
1134, 627: 2 154 94
1135, 628: 2 113 119
1136, 629: 2 100 99
1137, 630: 1 37 92
1138, 631: 2 89 144
1139, 632: 1 128 148
1140, 632: 1 142 104
1141, 633: 1 102 31
1142, 633: 2 90 98
1143, 634: 1 131 132
1144, 634: 1 72 9
1145, 635: 1 49 143
1146, 636: 1 11 64
1147, 637: 2 16 107
1148, 638: 1 9 35
1149, 638: 1 159 81
1150, 638: 2 64 122
1151, 638: 1 35 18
1152, 639: 2 161 61
1153, 640: 1 111 75
1154, 641: 2 103 103
1155, 642: 2 119 116
1156, 643: 1 25 95
1157, 643: 2 6 52
1158, 643: 2 132 156
1159, 643: 1 149 35
1160, 643: 2 137 84
1161, 644: 2 63 78
1162, 645: 2 92 39
1163, 646: 2 155 66
1164, 647: 2 46 81
1165, 648: 2 7 82
1166, 649: 2 31 44
1167, 650: 1 143 76
1168, 651: 2 155 127
1169, 651: 2 70 83
1170, 652: 2 64 99
1171, 653: 2 39 147
1172, 653: 1 19 64
1173, 654: 2 59 146
1174, 654: 2 118 110
1175, 655: 2 18 155
1176, 655: 1 149 106
1177, 656: 1 91 11
1178, 657: 2 68 27
1179, 658: 2 9 12
1180, 659: 2 95 88
1181, 660: 2 124 155
1182, 661: 2 101 32
1183, 662: 2 43 56
1184, 662: 2 94 6
1185, 662: 2 119 8
1186, 663: 2 99 148
1187, 664: 1 92 36
1188, 665: 2 144 92
1189, 665: 2 148 102
1190, 666: 2 104 124
1191, 666: 1 31 89
1192, 667: 1 98 52
1193, 667: 1 132 144
1194, 667: 2 9 49
1195, 668: 2 143 84
1196, 669: 2 64 66
1197, 670: 2 107 59
1198, 671: 2 35 9
1199, 672: 1 81 101
1200, 672: 1 122 44
1201, 672: 2 18 101
1202, 673: 2 61 44
1203, 674: 2 75 56
1204, 675: 2 103 76
1205, 676: 2 116 129
1206, 676: 2 95 68
1207, 677: 2 52 35
1208, 678: 2 156 23
1209, 679: 2 35 29
1210, 679: 2 84 49
1211, 679: 2 78 99
1212, 680: 2 39 46
1213, 680: 2 66 114
1214, 681: 1 81 144
1215, 681: 1 82 56
1216, 681: 1 44 111
1217, 681: 1 76 82
1218, 682: 1 127 62
1219, 683: 2 83 6
1220, 683: 2 99 49
1221, 683: 1 147 136
1222, 683: 1 64 113
1223, 684: 1 146 124
1224, 684: 1 110 71
1225, 685: 2 155 119
1226, 686: 1 106 129
1227, 687: 1 11 36
1228, 687: 2 27 99
1229, 688: 2 12 31
1230, 689: 1 88 42
1231, 690: 1 155 63
1232, 691: 2 32 109
1233, 692: 1 56 85
1234, 692: 1 6 13
1235, 692: 2 8 154
1236, 692: 2 148 113
1237, 692: 1 36 100
1238, 692: 2 92 37
1239, 693: 1 102 89
1240, 693: 2 124 128
1241, 694: 1 89 142
1242, 695: 2 52 102
1243, 696: 2 144 90
1244, 696: 1 49 131
1245, 697: 2 84 72
1246, 698: 1 66 49
1247, 699: 1 59 11
1248, 700: 2 9 16
1249, 700: 2 101 9
1250, 700: 2 44 159
1251, 701: 2 101 64
1252, 702: 1 44 35
1253, 703: 1 56 161
1254, 704: 2 76 111
1255, 705: 2 129 103
1256, 706: 2 68 119
1257, 707: 1 35 25
1258, 707: 1 23 6
1259, 707: 2 29 132
1260, 707: 1 49 149
1261, 708: 1 99 137
1262, 708: 2 46 63
1263, 708: 2 114 92
1264, 709: 2 144 155
1265, 710: 2 56 46
1266, 711: 1 111 7
1267, 711: 1 82 31
1268, 712: 2 62 143
1269, 712: 2 6 155
1270, 713: 1 49 70
1271, 714: 1 136 64
1272, 714: 2 113 39
1273, 715: 2 124 19
1274, 716: 2 71 59
1275, 717: 2 119 118
1276, 717: 2 129 18
1277, 717: 1 36 149
1278, 717: 2 99 91
1279, 718: 2 31 68
1280, 719: 1 42 9
1281, 720: 2 63 95
1282, 720: 1 109 124
1283, 720: 2 85 101
1284, 721: 2 13 43
1285, 722: 2 154 94
1286, 723: 2 113 119
1287, 724: 2 100 99
1288, 725: 1 37 92
1289, 726: 2 89 144
1290, 727: 1 128 148
1291, 727: 1 142 104
1292, 728: 1 102 31
1293, 728: 2 90 98
1294, 729: 1 131 132
1295, 729: 1 72 9
1296, 730: 1 49 143
1297, 731: 1 11 64
1298, 732: 2 16 107
1299, 733: 1 9 35
1300, 733: 1 159 81
1301, 733: 2 64 122
1302, 733: 1 35 18
1303, 734: 2 161 61
1304, 735: 1 111 75
1305, 736: 2 103 103
1306, 737: 2 119 116
1307, 738: 1 25 95
1308, 738: 2 6 52
1309, 738: 2 132 156
1310, 738: 1 149 35
1311, 738: 2 137 84
1312, 739: 2 63 78
1313, 740: 2 92 39
1314, 741: 2 155 66
1315, 742: 2 46 81
1316, 743: 2 7 82
1317, 744: 2 31 44
1318, 745: 1 143 76
1319, 746: 2 155 127
1320, 746: 2 70 83
1321, 747: 2 64 99
1322, 748: 2 39 147
1323, 748: 1 19 64
1324, 749: 2 59 146
1325, 749: 2 118 110
1326, 750: 2 18 155
1327, 750: 1 149 106
1328, 751: 1 91 11
1329, 752: 2 68 27
1330, 753: 2 9 12
1331, 754: 2 95 88
1332, 755: 2 124 155
1333, 756: 2 101 32
1334, 757: 2 43 56
1335, 757: 2 94 6
1336, 757: 2 119 8
1337, 758: 2 99 148
1338, 759: 1 92 36
1339, 760: 2 144 92
1340, 760: 2 148 102
1341, 761: 2 104 124
1342, 761: 1 31 89
1343, 762: 1 98 52
1344, 762: 1 132 144
1345, 762: 2 9 49
1346, 763: 2 143 84
1347, 764: 2 64 66
1348, 765: 2 107 59
1349, 766: 2 35 9
1350, 767: 1 81 101
1351, 767: 1 122 44
1352, 767: 2 18 101
1353, 768: 2 61 44
1354, 769: 2 75 56
1355, 770: 2 103 76
1356, 771: 2 116 129
1357, 771: 2 95 68
1358, 772: 2 52 35
1359, 773: 2 156 23
1360, 774: 2 35 29
1361, 774: 2 84 49
1362, 774: 2 78 99
1363, 775: 2 39 46
1364, 775: 2 66 114
1365, 776: 1 81 144
1366, 776: 1 82 56
1367, 776: 1 44 111
1368, 776: 1 76 82
1369, 777: 1 127 62
1370, 778: 2 83 6
1371, 778: 2 99 49
1372, 778: 1 147 136
1373, 778: 1 64 113
1374, 779: 1 146 124
1375, 779: 1 110 71
1376, 780: 2 155 119
1377, 781: 1 106 129
1378, 782: 1 11 36
1379, 782: 2 27 99
1380, 783: 2 12 31
1381, 784: 1 88 42
1382, 785: 1 155 63
1383, 786: 2 32 109
1384, 787: 1 56 85
1385, 787: 1 6 13
1386, 787: 2 8 154
1387, 787: 2 148 113
1388, 787: 1 36 100
1389, 787: 2 92 37
1390, 788: 1 102 89
1391, 788: 2 124 128
1392, 789: 1 89 142
1393, 790: 2 52 102
1394, 791: 2 144 90
1395, 791: 1 49 131
1396, 792: 2 84 72
1397, 793: 1 66 49
1398, 794: 1 59 11
1399, 795: 2 9 16
1400, 795: 2 101 9
1401, 795: 2 44 159
1402, 796: 2 101 64
1403, 797: 1 44 35
1404, 798: 1 56 161
1405, 799: 2 76 111
1406, 800: 2 129 103
1407, 801: 2 68 119
1408, 802: 1 35 25
1409, 802: 1 23 6
1410, 802: 2 29 132
1411, 802: 1 49 149
1412, 803: 1 99 137
1413, 803: 2 46 63
1414, 803: 2 114 92
1415, 804: 2 144 155
1416, 805: 2 56 46
1417, 806: 1 111 7
1418, 806: 1 82 31
1419, 807: 2 62 143
1420, 807: 2 6 155
1421, 808: 1 49 70
1422, 809: 1 136 64
1423, 809: 2 113 39
1424, 810: 2 124 19
1425, 811: 2 71 59
1426, 812: 2 119 118
1427, 812: 2 129 18
1428, 812: 1 36 149
1429, 812: 2 99 91
1430, 813: 2 31 68
1431, 814: 1 42 9
1432, 815: 2 63 95
1433, 815: 1 109 124
1434, 815: 2 85 101
1435, 816: 2 13 43
1436, 817: 2 154 94
1437, 818: 2 113 119
1438, 819: 2 100 99
1439, 820: 1 37 92
1440, 821: 2 89 144
1441, 822: 1 128 148
1442, 822: 1 142 104
1443, 823: 1 102 31
1444, 823: 2 90 98
1445, 824: 1 131 132
1446, 824: 1 72 9
1447, 825: 1 49 143
1448, 826: 1 11 64
1449, 827: 2 16 107
1450, 828: 1 9 35
1451, 828: 1 159 81
1452, 828: 2 64 122
1453, 828: 1 35 18
1454, 829: 2 161 61
1455, 830: 1 111 75
1456, 831: 2 103 103
1457, 832: 2 119 116
1458, 833: 1 25 95
1459, 833: 2 6 52
1460, 833: 2 132 156
1461, 833: 1 149 35
1462, 833: 2 137 84
1463, 834: 2 63 78
1464, 835: 2 92 39
1465, 836: 2 155 66
1466, 837: 2 46 81
1467, 838: 2 7 82
1468, 839: 2 31 44
1469, 840: 1 143 76
1470, 841: 2 155 127
1471, 841: 2 70 83
1472, 842: 2 64 99
1473, 843: 2 39 147
1474, 843: 1 19 64
1475, 844: 2 59 146
1476, 844: 2 118 110
1477, 845: 2 18 155
1478, 845: 1 149 106
1479, 846: 1 91 11
1480, 847: 2 68 27
1481, 848: 2 9 12
1482, 849: 2 95 88
1483, 850: 2 124 155
1484, 851: 2 101 32
1485, 852: 2 43 56
1486, 852: 2 94 6
1487, 852: 2 119 8
1488, 853: 2 99 148
1489, 854: 1 92 36
1490, 855: 2 144 92
1491, 855: 2 148 102
1492, 856: 2 104 124
1493, 856: 1 31 89
1494, 857: 1 98 52
1495, 857: 1 132 144
1496, 857: 2 9 49
1497, 858: 2 143 84
1498, 859: 2 64 66
1499, 860: 2 107 59
1500, 861: 2 35 9
1501, 862: 1 81 101
1502, 862: 1 122 44
1503, 862: 2 18 101
1504, 863: 2 61 44
1505, 864: 2 75 56
1506, 865: 2 103 76
1507, 866: 2 116 129
1508, 866: 2 95 68
1509, 867: 2 52 35
1510, 868: 2 156 23
1511, 869: 2 35 29
1512, 869: 2 84 49
1513, 869: 2 78 99
1514, 870: 2 39 46
1515, 870: 2 66 114
1516, 871: 1 81 144
1517, 871: 1 82 56
1518, 871: 1 44 111
1519, 871: 1 76 82
1520, 872: 1 127 62
1521, 873: 2 83 6
1522, 873: 2 99 49
1523, 873: 1 147 136
1524, 873: 1 64 113
1525, 874: 1 146 124
1526, 874: 1 110 71
1527, 875: 2 155 119
1528, 876: 1 106 129
1529, 877: 1 11 36
1530, 877: 2 27 99
1531, 878: 2 12 31
1532, 879: 1 88 42
1533, 880: 1 155 63
1534, 881: 2 32 109
1535, 882: 1 56 85
1536, 882: 1 6 13
1537, 882: 2 8 154
1538, 882: 2 148 113
1539, 882: 1 36 100
1540, 882: 2 92 37
1541, 883: 1 102 89
1542, 883: 2 124 128
1543, 884: 1 89 142
1544, 885: 2 52 102
1545, 886: 2 144 90
1546, 886: 1 49 131
1547, 887: 2 84 72
1548, 888: 1 66 49
1549, 889: 1 59 11
1550, 890: 2 9 16
1551, 890: 2 101 9
1552, 890: 2 44 159
1553, 891: 2 101 64
1554, 892: 1 44 35
1555, 893: 1 56 161
1556, 894: 2 76 111
1557, 895: 2 129 103
1558, 896: 2 68 119
1559, 897: 1 35 25
1560, 897: 1 23 6
1561, 897: 2 29 132
1562, 897: 1 49 149
1563, 898: 1 99 137
1564, 898: 2 46 63
1565, 898: 2 114 92
1566, 899: 2 144 155
1567, 900: 2 56 46
1568, 901: 1 111 7
1569, 901: 1 82 31
1570, 902: 2 62 143
1571, 902: 2 6 155
1572, 903: 1 49 70
1573, 904: 1 136 64
1574, 904: 2 113 39
1575, 905: 2 124 19
1576, 906: 2 71 59
1577, 907: 2 119 118
1578, 907: 2 129 18
1579, 907: 1 36 149
1580, 907: 2 99 91
1581, 908: 2 31 68
1582, 909: 1 42 9
1583, 910: 2 63 95
1584, 910: 1 109 124
1585, 910: 2 85 101
1586, 911: 2 13 43
1587, 912: 2 154 94
1588, 913: 2 113 119
1589, 914: 2 100 99
1590, 915: 1 37 92
1591, 916: 2 89 144
1592, 917: 1 128 148
1593, 917: 1 142 104
1594, 918: 1 102 31
1595, 918: 2 90 98
1596, 919: 1 131 132
1597, 919: 1 72 9
1598, 920: 1 49 143
1599, 921: 1 11 64
1600, 922: 2 16 107
1601, 923: 1 9 35
1602, 923: 1 159 81
1603, 923: 2 64 122
1604, 923: 1 35 18
1605, 924: 2 161 61
1606, 925: 1 111 75
1607, 926: 2 103 103
1608, 927: 2 119 116
1609, 928: 1 25 95
1610, 928: 2 6 52
1611, 928: 2 132 156
1612, 928: 1 149 35
1613, 928: 2 137 84
1614, 929: 2 63 78
1615, 930: 2 92 39
1616, 931: 2 155 66
1617, 932: 2 46 81
1618, 933: 2 7 82
1619, 934: 2 31 44
1620, 935: 1 143 76
1621, 936: 2 155 127
1622, 936: 2 70 83
1623, 937: 2 64 99
1624, 938: 2 39 147
1625, 938: 1 19 64
1626, 939: 2 59 146
1627, 939: 2 118 110
1628, 940: 2 18 155
1629, 940: 1 149 106
1630, 941: 1 91 11
1631, 942: 2 68 27
1632, 943: 2 9 12
1633, 944: 2 95 88
1634, 945: 2 124 155
1635, 946: 2 101 32
1636, 947: 2 43 56
1637, 947: 2 94 6
1638, 947: 2 119 8
1639, 948: 2 99 148
1640, 949: 1 92 36
1641, 950: 2 144 92
1642, 950: 2 148 102
1643, 951: 2 104 124
1644, 951: 1 31 89
1645, 952: 1 98 52
1646, 952: 1 132 144
1647, 952: 2 9 49
1648, 953: 2 143 84
1649, 954: 2 64 66
1650, 955: 2 107 59
1651, 956: 2 35 9
1652, 957: 1 81 101
1653, 957: 1 122 44
1654, 957: 2 18 101
1655, 958: 2 61 44
1656, 959: 2 75 56
1657, 960: 2 103 76
1658, 961: 2 116 129
1659, 961: 2 95 68
1660, 962: 2 52 35
1661, 963: 2 156 23
1662, 964: 2 35 29
1663, 964: 2 84 49
1664, 964: 2 78 99
1665, 965: 2 39 46
1666, 965: 2 66 114
1667, 966: 1 81 144
1668, 966: 1 82 56
1669, 966: 1 44 111
1670, 966: 1 76 82
1671, 967: 1 127 62
1672, 968: 2 83 6
1673, 968: 2 99 49
1674, 968: 1 147 136
1675, 968: 1 64 113
1676, 969: 1 146 124
1677, 969: 1 110 71
1678, 970: 2 155 119
1679, 971: 1 106 129
1680, 972: 1 11 36
1681, 972: 2 27 99
1682, 973: 2 12 31
1683, 974: 1 88 42
1684, 975: 1 155 63
1685, 976: 2 32 109
1686, 977: 1 56 85
1687, 977: 1 6 13
1688, 977: 2 8 154
1689, 977: 2 148 113
1690, 977: 1 36 100
1691, 977: 2 92 37
1692, 978: 1 102 89
1693, 978: 2 124 128
1694, 979: 1 89 142
1695, 980: 2 52 102
1696, 981: 2 144 90
1697, 981: 1 49 131
1698, 982: 2 84 72
1699, 983: 1 66 49
1700, 984: 1 59 11
1701, 985: 2 9 16
1702, 985: 2 101 9
1703, 985: 2 44 159
1704, 986: 2 101 64
1705, 987: 1 44 35
1706, 988: 1 56 161
1707, 989: 2 76 111
1708, 990: 2 129 103
1709, 991: 2 68 119
1710, 992: 1 35 25
1711, 992: 1 23 6
1712, 992: 2 29 132
1713, 992: 1 49 149
1714, 993: 1 99 137
1715, 993: 2 46 63
1716, 993: 2 114 92
1717, 994: 2 144 155
1718, 995: 2 56 46
1719, 996: 1 111 7
1720, 996: 1 82 31
1721, 997: 2 62 143
1722, 997: 2 6 155
1723, 998: 1 49 70
1724, 999: 1 136 64
1725, 999: 2 113 39
1726, 1000: 2 124 19
1727, 1001: 2 71 59
1728, 1002: 2 119 118
1729, 1002: 2 129 18
1730, 1002: 1 36 149
1731, 1002: 2 99 91
1732, 1003: 2 31 68
1733, 1004: 1 42 9
1734, 1005: 2 63 95
1735, 1005: 1 109 124
1736, 1005: 2 85 101
1737, 1006: 2 13 43
1738, 1007: 2 154 94
1739, 1008: 2 113 119
1740, 1009: 2 100 99
1741, 1010: 1 37 92
1742, 1011: 2 89 144
1743, 1012: 1 128 148
1744, 1012: 1 142 104
1745, 1013: 1 102 31
1746, 1013: 2 90 98
1747, 1014: 1 131 132
1748, 1014: 1 72 9
1749, 1015: 1 49 143
1750, 1016: 1 11 64
1751, 1017: 2 16 107
1752, 1018: 1 9 35
1753, 1018: 1 159 81
1754, 1018: 2 64 122
1755, 1018: 1 35 18
1756, 1019: 2 161 61
1757, 1020: 1 111 75
1758, 1021: 2 103 103
1759, 1022: 2 119 116
1760, 1023: 1 25 95
1761, 1023: 2 6 52
1762, 1023: 2 132 156
1763, 1023: 1 149 35
1764, 1023: 2 137 84
1765, 1024: 2 63 78
1766, 1025: 2 92 39
1767, 1026: 2 155 66
1768, 1027: 2 46 81
1769, 1028: 2 7 82
1770, 1029: 2 31 44
1771, 1030: 1 143 76
1772, 1031: 2 155 127
1773, 1031: 2 70 83
1774, 1032: 2 64 99
1775, 1033: 2 39 147
1776, 1033: 1 19 64
1777, 1034: 2 59 146
1778, 1034: 2 118 110
1779, 1035: 2 18 155
1780, 1035: 1 149 106
1781, 1036: 1 91 11
1782, 1037: 2 68 27
1783, 1038: 2 9 12
1784, 1039: 2 95 88
1785, 1040: 2 124 155
1786, 1041: 2 101 32
1787, 1042: 2 43 56
1788, 1042: 2 94 6
1789, 1042: 2 119 8
1790, 1043: 2 99 148
1791, 1044: 1 92 36
1792, 1045: 2 144 92
1793, 1045: 2 148 102
1794, 1046: 2 104 124
1795, 1046: 1 31 89
1796, 1047: 1 98 52
1797, 1047: 1 132 144
1798, 1047: 2 9 49
1799, 1048: 2 143 84
1800, 1049: 2 64 66
1801, 1050: 2 107 59
1802, 1051: 2 35 9
1803, 1052: 1 81 101
1804, 1052: 1 122 44
1805, 1052: 2 18 101
1806, 1053: 2 61 44
1807, 1054: 2 75 56
1808, 1055: 2 103 76
1809, 1056: 2 116 129
1810, 1056: 2 95 68
1811, 1057: 2 52 35
1812, 1058: 2 156 23
1813, 1059: 2 35 29
1814, 1059: 2 84 49
1815, 1059: 2 78 99
1816, 1060: 2 39 46
1817, 1060: 2 66 114
1818, 1061: 1 81 144
1819, 1061: 1 82 56
1820, 1061: 1 44 111
1821, 1061: 1 76 82
1822, 1062: 1 127 62
1823, 1063: 2 83 6
1824, 1063: 2 99 49
1825, 1063: 1 147 136
1826, 1063: 1 64 113
1827, 1064: 1 146 124
1828, 1064: 1 110 71
1829, 1065: 2 155 119
1830, 1066: 1 106 129
1831, 1067: 1 11 36
1832, 1067: 2 27 99
1833, 1068: 2 12 31
1834, 1069: 1 88 42
1835, 1070: 1 155 63
1836, 1071: 2 32 109
1837, 1072: 1 56 85
1838, 1072: 1 6 13
1839, 1072: 2 8 154
1840, 1072: 2 148 113
1841, 1072: 1 36 100
1842, 1072: 2 92 37
1843, 1073: 1 102 89
1844, 1073: 2 124 128
1845, 1074: 1 89 142
1846, 1075: 2 52 102
1847, 1076: 2 144 90
1848, 1076: 1 49 131
1849, 1077: 2 84 72
1850, 1078: 1 66 49
1851, 1079: 1 59 11
1852, 1080: 2 9 16
1853, 1080: 2 101 9
1854, 1080: 2 44 159
1855, 1081: 2 101 64
1856, 1082: 1 44 35
1857, 1083: 1 56 161
1858, 1084: 2 76 111
1859, 1085: 2 129 103
1860, 1086: 2 68 119
1861, 1087: 1 35 25
1862, 1087: 1 23 6
1863, 1087: 2 29 132
1864, 1087: 1 49 149
1865, 1088: 1 99 137
1866, 1088: 2 46 63
1867, 1088: 2 114 92
1868, 1089: 2 144 155
1869, 1090: 2 56 46
1870, 1091: 1 111 7
1871, 1091: 1 82 31
1872, 1092: 2 62 143
1873, 1092: 2 6 155
1874, 1093: 1 49 70
1875, 1094: 1 136 64
1876, 1094: 2 113 39
1877, 1095: 2 124 19
1878, 1096: 2 71 59
1879, 1097: 2 119 118
1880, 1097: 2 129 18
1881, 1097: 1 36 149
1882, 1097: 2 99 91
1883, 1098: 2 31 68
1884, 1099: 1 42 9
1885, 1100: 2 63 95
1886, 1100: 1 109 124
1887, 1100: 2 85 101
1888, 1101: 2 13 43
1889, 1102: 2 154 94
1890, 1103: 2 113 119
1891, 1104: 2 100 99
1892, 1105: 1 37 92
1893, 1106: 2 89 144
1894, 1107: 1 128 148
1895, 1107: 1 142 104
1896, 1108: 1 102 31
1897, 1108: 2 90 98
1898, 1109: 1 131 132
1899, 1109: 1 72 9
1900, 1110: 1 49 143
1901, 1111: 1 11 64
1902, 1112: 2 16 107
1903, 1113: 1 9 35
1904, 1113: 1 159 81
1905, 1113: 2 64 122
1906, 1113: 1 35 18
1907, 1114: 2 161 61
1908, 1115: 1 111 75
1909, 1116: 2 103 103
1910, 1117: 2 119 116
1911, 1118: 1 25 95
1912, 1118: 2 6 52
1913, 1118: 2 132 156
1914, 1118: 1 149 35
1915, 1118: 2 137 84
1916, 1119: 2 63 78
1917, 1120: 2 92 39
1918, 1121: 2 155 66
1919, 1122: 2 46 81
1920, 1123: 2 7 82
1921, 1124: 2 31 44
1922, 1125: 1 143 76
1923, 1126: 2 155 127
1924, 1126: 2 70 83
1925, 1127: 2 64 99
1926, 1128: 2 39 147
1927, 1128: 1 19 64
1928, 1129: 2 59 146
1929, 1129: 2 118 110
1930, 1130: 2 18 155
1931, 1130: 1 149 106
1932, 1131: 1 91 11
1933, 1132: 2 68 27
1934, 1133: 2 9 12
1935, 1134: 2 95 88
1936, 1135: 2 124 155
1937, 1136: 2 101 32
1938, 1137: 2 43 56
1939, 1137: 2 94 6
1940, 1137: 2 119 8
1941, 1138: 2 99 148
1942, 1139: 1 92 36
1943, 1140: 2 144 92
1944, 1140: 2 148 102
1945, 1141: 2 104 124
1946, 1141: 1 31 89
1947, 1142: 1 98 52
1948, 1142: 1 132 144
1949, 1142: 2 9 49
1950, 1143: 2 143 84
1951, 1144: 2 64 66
1952, 1145: 2 107 59
1953, 1146: 2 35 9
1954, 1147: 1 81 101
1955, 1147: 1 122 44
1956, 1147: 2 18 101
1957, 1148: 2 61 44
1958, 1149: 2 75 56
1959, 1150: 2 103 76
1960, 1151: 2 116 129
1961, 1151: 2 95 68
1962, 1152: 2 52 35
1963, 1153: 2 156 23
1964, 1154: 2 35 29
1965, 1154: 2 84 49
1966, 1154: 2 78 99
1967, 1155: 2 39 46
1968, 1155: 2 66 114
1969, 1156: 1 81 144
1970, 1156: 1 82 56
1971, 1156: 1 44 111
1972, 1156: 1 76 82
1973, 1157: 1 127 62
1974, 1158: 2 83 6
1975, 1158: 2 99 49
1976, 1158: 1 147 136
1977, 1158: 1 64 113
1978, 1159: 1 146 124
1979, 1159: 1 110 71
1980, 1160: 2 155 119
1981, 1161: 1 106 129
1982, 1162: 1 11 36
1983, 1162: 2 27 99
1984, 1163: 2 12 31
1985, 1164: 1 88 42
1986, 1165: 1 155 63
1987, 1166: 2 32 109
1988, 1167: 1 56 85
1989, 1167: 1 6 13
1990, 1167: 2 8 154
1991, 1167: 2 148 113
1992, 1167: 1 36 100
1993, 1167: 2 92 37
1994, 1168: 1 102 89
1995, 1168: 2 124 128
1996, 1169: 1 89 142
1997, 1170: 2 52 102
1998, 1171: 2 144 90
1999, 1171: 1 49 131
2000, 1172: 2 84 72
2001, 1173: 1 66 49
2002, 1174: 1 59 11
2003, 1175: 2 9 16
2004, 1175: 2 101 9
2005, 1175: 2 44 159
2006, 1176: 2 101 64
2007, 1177: 1 44 35
2008, 1178: 1 56 161
2009, 1179: 2 76 111
2010, 1180: 2 129 103
2011, 1181: 2 68 119
2012, 1182: 1 35 25
2013, 1182: 1 23 6
2014, 1182: 2 29 132
2015, 1182: 1 49 149
2016, 1183: 1 99 137
2017, 1183: 2 46 63
2018, 1183: 2 114 92
2019, 1184: 2 144 155
2020, 1185: 2 56 46
2021, 1186: 1 111 7
2022, 1186: 1 82 31
2023, 1187: 2 62 143
2024, 1187: 2 6 155
2025, 1188: 1 49 70
2026, 1189: 1 136 64
2027, 1189: 2 113 39
2028, 1190: 2 124 19
2029, 1191: 2 71 59
2030, 1192: 2 119 118
2031, 1192: 2 129 18
2032, 1192: 1 36 149
2033, 1192: 2 99 91
2034, 1193: 2 31 68
2035, 1194: 1 42 9
2036, 1195: 2 63 95
2037, 1195: 1 109 124
2038, 1195: 2 85 101
2039, 1196: 2 13 43
2040, 1197: 2 154 94
2041, 1198: 2 113 119
2042, 1199: 2 100 99
2043, 1200: 1 37 92
2044, 1201: 2 89 144
2045, 1202: 1 128 148
2046, 1202: 1 142 104
2047, 1203: 1 102 31
2048, 1203: 2 90 98
2049, 1204: 1 131 132
2050, 1204: 1 72 9
2051, 1205: 1 49 143
2052, 1206: 1 11 64
2053, 1207: 2 16 107
2054, 1208: 1 9 35
2055, 1208: 1 159 81
2056, 1208: 2 64 122
2057, 1208: 1 35 18
2058, 1209: 2 161 61
2059, 1210: 1 111 75
2060, 1211: 2 103 103
2061, 1212: 2 119 116
2062, 1213: 1 25 95
2063, 1213: 2 6 52
2064, 1213: 2 132 156
2065, 1213: 1 149 35
2066, 1213: 2 137 84
2067, 1214: 2 63 78
2068, 1215: 2 92 39
2069, 1216: 2 155 66
2070, 1217: 2 46 81
2071, 1218: 2 7 82
2072, 1219: 2 31 44
2073, 1220: 1 143 76
2074, 1221: 2 155 127
2075, 1221: 2 70 83
2076, 1222: 2 64 99
2077, 1223: 2 39 147
2078, 1223: 1 19 64
2079, 1224: 2 59 146
2080, 1224: 2 118 110
2081, 1225: 2 18 155
2082, 1225: 1 149 106
2083, 1226: 1 91 11
2084, 1227: 2 68 27
2085, 1228: 2 9 12
2086, 1229: 2 95 88
2087, 1230: 2 124 155
2088, 1231: 2 101 32
2089, 1232: 2 43 56
2090, 1232: 2 94 6
2091, 1232: 2 119 8
2092, 1233: 2 99 148
2093, 1234: 1 92 36
2094, 1235: 2 144 92
2095, 1235: 2 148 102
2096, 1236: 2 104 124
2097, 1236: 1 31 89
2098, 1237: 1 98 52
2099, 1237: 1 132 144
2100, 1237: 2 9 49
2101, 1238: 2 143 84
2102, 1239: 2 64 66
2103, 1240: 2 107 59
2104, 1241: 2 35 9
2105, 1242: 1 81 101
2106, 1242: 1 122 44
2107, 1242: 2 18 101
2108, 1243: 2 61 44
2109, 1244: 2 75 56
2110, 1245: 2 103 76
2111, 1246: 2 116 129
2112, 1246: 2 95 68
2113, 1247: 2 52 35
2114, 1248: 2 156 23
2115, 1249: 2 35 29
2116, 1249: 2 84 49
2117, 1249: 2 78 99
2118, 1250: 2 39 46
2119, 1250: 2 66 114
2120, 1251: 1 81 144
2121, 1251: 1 82 56
2122, 1251: 1 44 111
2123, 1251: 1 76 82
2124, 1252: 1 127 62
2125, 1253: 2 83 6
2126, 1253: 2 99 49
2127, 1253: 1 147 136
2128, 1253: 1 64 113
2129, 1254: 1 146 124
2130, 1254: 1 110 71
2131, 1255: 2 155 119
2132, 1256: 1 106 129
2133, 1257: 1 11 36
2134, 1257: 2 27 99
2135, 1258: 2 12 31
2136, 1259: 1 88 42
2137, 1260: 1 155 63
2138, 1261: 2 32 109
2139, 1262: 1 56 85
2140, 1262: 1 6 13
2141, 1262: 2 8 154
2142, 1262: 2 148 113
2143, 1262: 1 36 100
2144, 1262: 2 92 37
2145, 1263: 1 102 89
2146, 1263: 2 124 128
2147, 1264: 1 89 142
2148, 1265: 2 52 102
2149, 1266: 2 144 90
2150, 1266: 1 49 131
2151, 1267: 2 84 72
2152, 1268: 1 66 49
2153, 1269: 1 59 11
2154, 1270: 2 9 16
2155, 1270: 2 101 9
2156, 1270: 2 44 159
2157, 1271: 2 101 64
2158, 1272: 1 44 35
2159, 1273: 1 56 161
2160, 1274: 2 76 111
2161, 1275: 2 129 103
2162, 1276: 2 68 119
2163, 1277: 1 35 25
2164, 1277: 1 23 6
2165, 1277: 2 29 132
2166, 1277: 1 49 149
2167, 1278: 1 99 137
2168, 1278: 2 46 63
2169, 1278: 2 114 92
2170, 1279: 2 144 155
2171, 1280: 2 56 46
2172, 1281: 1 111 7
2173, 1281: 1 82 31
2174, 1282: 2 62 143
2175, 1282: 2 6 155
2176, 1283: 1 49 70
2177, 1284: 1 136 64
2178, 1284: 2 113 39
2179, 1285: 2 124 19
2180, 1286: 2 71 59
2181, 1287: 2 119 118
2182, 1287: 2 129 18
2183, 1287: 1 36 149
2184, 1287: 2 99 91
2185, 1288: 2 31 68
2186, 1289: 1 42 9
2187, 1290: 2 63 95
2188, 1290: 1 109 124
2189, 1290: 2 85 101
2190, 1291: 2 13 43
2191, 1292: 2 154 94
2192, 1293: 2 113 119
2193, 1294: 2 100 99
2194, 1295: 1 37 92
2195, 1296: 2 89 144
2196, 1297: 1 128 148
2197, 1297: 1 142 104
2198, 1298: 1 102 31
2199, 1298: 2 90 98
2200, 1299: 1 131 132
2201, 1299: 1 72 9
2202, 1300: 1 49 143
2203, 1301: 1 11 64
2204, 1302: 2 16 107
2205, 1303: 1 9 35
2206, 1303: 1 159 81
2207, 1303: 2 64 122
2208, 1303: 1 35 18
2209, 1304: 2 161 61
2210, 1305: 1 111 75
2211, 1306: 2 103 103
2212, 1307: 2 119 116
2213, 1308: 1 25 95
2214, 1308: 2 6 52
2215, 1308: 2 132 156
2216, 1308: 1 149 35
2217, 1308: 2 137 84
2218, 1309: 2 63 78
2219, 1310: 2 92 39
2220, 1311: 2 155 66
2221, 1312: 2 46 81
2222, 1313: 2 7 82
2223, 1314: 2 31 44
2224, 1315: 1 143 76
2225, 1316: 2 155 127
2226, 1316: 2 70 83
2227, 1317: 2 64 99
2228, 1318: 2 39 147
2229, 1318: 1 19 64
2230, 1319: 2 59 146
2231, 1319: 2 118 110
2232, 1320: 2 18 155
2233, 1320: 1 149 106
2234, 1321: 1 91 11
2235, 1322: 2 68 27
2236, 1323: 2 9 12
2237, 1324: 2 95 88
2238, 1325: 2 124 155
2239, 1326: 2 101 32
2240, 1327: 2 43 56
2241, 1327: 2 94 6
2242, 1327: 2 119 8
2243, 1328: 2 99 148
2244, 1329: 1 92 36
2245, 1330: 2 144 92
2246, 1330: 2 148 102
2247, 1331: 2 104 124
2248, 1331: 1 31 89
2249, 1332: 1 98 52
2250, 1332: 1 132 144
2251, 1332: 2 9 49
2252, 1333: 2 143 84
2253, 1334: 2 64 66
2254, 1335: 2 107 59
2255, 1336: 2 35 9
2256, 1337: 1 81 101
2257, 1337: 1 122 44
2258, 1337: 2 18 101
2259, 1338: 2 61 44
2260, 1339: 2 75 56
2261, 1340: 2 103 76
2262, 1341: 2 116 129
2263, 1341: 2 95 68
2264, 1342: 2 52 35
2265, 1343: 2 156 23
2266, 1344: 2 35 29
2267, 1344: 2 84 49
2268, 1344: 2 78 99
2269, 1345: 2 39 46
2270, 1345: 2 66 114
2271, 1346: 1 81 144
2272, 1346: 1 82 56
2273, 1346: 1 44 111
2274, 1346: 1 76 82
2275, 1347: 1 127 62
2276, 1348: 2 83 6
2277, 1348: 2 99 49
2278, 1348: 1 147 136
2279, 1348: 1 64 113
2280, 1349: 1 146 124
2281, 1349: 1 110 71
2282, 1350: 2 155 119
2283, 1351: 1 106 129
2284, 1352: 1 11 36
2285, 1352: 2 27 99
2286, 1353: 2 12 31
2287, 1354: 1 88 42
2288, 1355: 1 155 63
2289, 1356: 2 32 109
2290, 1357: 1 56 85
2291, 1357: 1 6 13
2292, 1357: 2 8 154
2293, 1357: 2 148 113
2294, 1357: 1 36 100
2295, 1357: 2 92 37
2296, 1358: 1 102 89
2297, 1358: 2 124 128
2298, 1359: 1 89 142
2299, 1360: 2 52 102
2300, 1361: 2 144 90
2301, 1361: 1 49 131
2302, 1362: 2 84 72
2303, 1363: 1 66 49
2304, 1364: 1 59 11
2305, 1365: 2 9 16
2306, 1365: 2 101 9
2307, 1365: 2 44 159
2308, 1366: 2 101 64
2309, 1367: 1 44 35
2310, 1368: 1 56 161
2311, 1369: 2 76 111
2312, 1370: 2 129 103
2313, 1371: 2 68 119
2314, 1372: 1 35 25
2315, 1372: 1 23 6
2316, 1372: 2 29 132
2317, 1372: 1 49 149
2318, 1373: 1 99 137
2319, 1373: 2 46 63
2320, 1373: 2 114 92
2321, 1374: 2 144 155
2322, 1375: 2 56 46
2323, 1376: 1 111 7
2324, 1376: 1 82 31
2325, 1377: 2 62 143
2326, 1377: 2 6 155
2327, 1378: 1 49 70
2328, 1379: 1 136 64
2329, 1379: 2 113 39
2330, 1380: 2 124 19
2331, 1381: 2 71 59
2332, 1382: 2 119 118
2333, 1382: 2 129 18
2334, 1382: 1 36 149
2335, 1382: 2 99 91
2336, 1383: 2 31 68
2337, 1384: 1 42 9
2338, 1385: 2 63 95
2339, 1385: 1 109 124
2340, 1385: 2 85 101
2341, 1386: 2 13 43
2342, 1387: 2 154 94
2343, 1388: 2 113 119
2344, 1389: 2 100 99
2345, 1390: 1 37 92
2346, 1391: 2 89 144
2347, 1392: 1 128 148
2348, 1392: 1 142 104
2349, 1393: 1 102 31
2350, 1393: 2 90 98
2351, 1394: 1 131 132
2352, 1394: 1 72 9
2353, 1395: 1 49 143
2354, 1396: 1 11 64
2355, 1397: 2 16 107
2356, 1398: 1 9 35
2357, 1398: 1 159 81
2358, 1398: 2 64 122
2359, 1398: 1 35 18
2360, 1399: 2 161 61
2361, 1400: 1 111 75
2362, 1401: 2 103 103
2363, 1402: 2 119 116
2364, 1403: 1 25 95
2365, 1403: 2 6 52
2366, 1403: 2 132 156
2367, 1403: 1 149 35
2368, 1403: 2 137 84
2369, 1404: 2 63 78
2370, 1405: 2 92 39
2371, 1406: 2 155 66
2372, 1407: 2 46 81
2373, 1408: 2 7 82
2374, 1409: 2 31 44
2375, 1410: 1 143 76
2376, 1411: 2 155 127
2377, 1411: 2 70 83
2378, 1412: 2 64 99
2379, 1413: 2 39 147
2380, 1413: 1 19 64
2381, 1414: 2 59 146
2382, 1414: 2 118 110
2383, 1415: 2 18 155
2384, 1415: 1 149 106
2385, 1416: 1 91 11
2386, 1417: 2 68 27
2387, 1418: 2 9 12
2388, 1419: 2 95 88
2389, 1420: 2 124 155
2390, 1421: 2 101 32
2391, 1422: 2 43 56
2392, 1422: 2 94 6
2393, 1422: 2 119 8
2394, 1423: 2 99 148
2395, 1424: 1 92 36
2396, 1425: 2 144 92
2397, 1425: 2 148 102
2398, 1426: 2 104 124
2399, 1426: 1 31 89
2400, 1427: 1 98 52
2401, 1427: 1 132 144
2402, 1427: 2 9 49
2403, 1428: 2 143 84
2404, 1429: 2 64 66
2405, 1430: 2 107 59
2406, 1431: 2 35 9
2407, 1432: 1 81 101
2408, 1432: 1 122 44
2409, 1432: 2 18 101
2410, 1433: 2 61 44
2411, 1434: 2 75 56
2412, 1435: 2 103 76
2413, 1436: 2 116 129
2414, 1436: 2 95 68
2415, 1437: 2 52 35
2416, 1438: 2 156 23
2417, 1439: 2 35 29
2418, 1439: 2 84 49
2419, 1439: 2 78 99
2420, 1440: 2 39 46
2421, 1440: 2 66 114
2422, 1441: 1 81 144
2423, 1441: 1 82 56
2424, 1441: 1 44 111
2425, 1441: 1 76 82
2426, 1442: 1 127 62
2427, 1443: 2 83 6
2428, 1443: 2 99 49
2429, 1443: 1 147 136
2430, 1443: 1 64 113
2431, 1444: 1 146 124
2432, 1444: 1 110 71
2433, 1445: 2 155 119
2434, 1446: 1 106 129
2435, 1447: 1 11 36
2436, 1447: 2 27 99
2437, 1448: 2 12 31
2438, 1449: 1 88 42
2439, 1450: 1 155 63
2440, 1451: 2 32 109
2441, 1452: 1 56 85
2442, 1452: 1 6 13
2443, 1452: 2 8 154
2444, 1452: 2 148 113
2445, 1452: 1 36 100
2446, 1452: 2 92 37
2447, 1453: 1 102 89
2448, 1453: 2 124 128
2449, 1454: 1 89 142
2450, 1455: 2 52 102
2451, 1456: 2 144 90
2452, 1456: 1 49 131
2453, 1457: 2 84 72
2454, 1458: 1 66 49
2455, 1459: 1 59 11
2456, 1460: 2 9 16
2457, 1460: 2 101 9
2458, 1460: 2 44 159
2459, 1461: 2 101 64
2460, 1462: 1 44 35
2461, 1463: 1 56 161
2462, 1464: 2 76 111
2463, 1465: 2 129 103
2464, 1466: 2 68 119
2465, 1467: 1 35 25
2466, 1467: 1 23 6
2467, 1467: 2 29 132
2468, 1467: 1 49 149
2469, 1468: 1 99 137
2470, 1468: 2 46 63
2471, 1468: 2 114 92
2472, 1469: 2 144 155
2473, 1470: 2 56 46
2474, 1471: 1 111 7
2475, 1471: 1 82 31
2476, 1472: 2 62 143
2477, 1472: 2 6 155
2478, 1473: 1 49 70
2479, 1474: 1 136 64
2480, 1474: 2 113 39
2481, 1475: 2 124 19
2482, 1476: 2 71 59
2483, 1477: 2 119 118
2484, 1477: 2 129 18
2485, 1477: 1 36 149
2486, 1477: 2 99 91
2487, 1478: 2 31 68
2488, 1479: 1 42 9
2489, 1480: 2 63 95
2490, 1480: 1 109 124
2491, 1480: 2 85 101
2492, 1481: 2 13 43
2493, 1482: 2 154 94
2494, 1483: 2 113 119
2495, 1484: 2 100 99
2496, 1485: 1 37 92
2497, 1486: 2 89 144
2498, 1487: 1 128 148
2499, 1487: 1 142 104
2500, 1488: 1 102 31
2501, 1488: 2 90 98
2502, 1489: 1 131 132
2503, 1489: 1 72 9
2504, 1490: 1 49 143
2505, 1491: 1 11 64
2506, 1492: 2 16 107
2507, 1493: 1 9 35
2508, 1493: 1 159 81
2509, 1493: 2 64 122
2510, 1493: 1 35 18
2511, 1494: 2 161 61
2512, 1495: 1 111 75
2513, 1496: 2 103 103
2514, 1497: 2 119 116
2515, 1498: 1 25 95
2516, 1498: 2 6 52
2517, 1498: 2 132 156
2518, 1498: 1 149 35
2519, 1498: 2 137 84
2520, 1499: 2 63 78
2521, 1500: 2 92 39
2522, 1501: 2 155 66
2523, 1502: 2 46 81
2524, 1503: 2 7 82
2525, 1504: 2 31 44
2526, 1505: 1 143 76
2527, 1506: 2 155 127
2528, 1506: 2 70 83
2529, 1507: 2 64 99
2530, 1508: 2 39 147
2531, 1508: 1 19 64
2532, 1509: 2 59 146
2533, 1509: 2 118 110
2534, 1510: 2 18 155
2535, 1510: 1 149 106
2536, 1511: 1 91 11
2537, 1512: 2 68 27
2538, 1513: 2 9 12
2539, 1514: 2 95 88
2540, 1515: 2 124 155
2541, 1516: 2 101 32
2542, 1517: 2 43 56
2543, 1517: 2 94 6
2544, 1517: 2 119 8
2545, 1518: 2 99 148
2546, 1519: 1 92 36
2547, 1520: 2 144 92
2548, 1520: 2 148 102
2549, 1521: 2 104 124
2550, 1521: 1 31 89
2551, 1522: 1 98 52
2552, 1522: 1 132 144
2553, 1522: 2 9 49
2554, 1523: 2 143 84
2555, 1524: 2 64 66
2556, 1525: 2 107 59
2557, 1526: 2 35 9
2558, 1527: 1 81 101
2559, 1527: 1 122 44
2560, 1527: 2 18 101
2561, 1528: 2 61 44
2562, 1529: 2 75 56
2563, 1530: 2 103 76
2564, 1531: 2 116 129
2565, 1531: 2 95 68
2566, 1532: 2 52 35
2567, 1533: 2 156 23
2568, 1534: 2 35 29
2569, 1534: 2 84 49
2570, 1534: 2 78 99
2571, 1535: 2 39 46
2572, 1535: 2 66 114
2573, 1536: 1 81 144
2574, 1536: 1 82 56
2575, 1536: 1 44 111
2576, 1536: 1 76 82
2577, 1537: 1 127 62
2578, 1538: 2 83 6
2579, 1538: 2 99 49
2580, 1538: 1 147 136
2581, 1538: 1 64 113
2582, 1539: 1 146 124
2583, 1539: 1 110 71
2584, 1540: 2 155 119
2585, 1541: 1 106 129
2586, 1542: 1 11 36
2587, 1542: 2 27 99
2588, 1543: 2 12 31
2589, 1544: 1 88 42
2590, 1545: 1 155 63
2591, 1546: 2 32 109
2592, 1547: 1 56 85
2593, 1547: 1 6 13
2594, 1547: 2 8 154
2595, 1547: 2 148 113
2596, 1547: 1 36 100
2597, 1547: 2 92 37
2598, 1548: 1 102 89
2599, 1548: 2 124 128
2600, 1549: 1 89 142
2601, 1550: 2 52 102
2602, 1551: 2 144 90
2603, 1551: 1 49 131
2604, 1552: 2 84 72
2605, 1553: 1 66 49
2606, 1554: 1 59 11
2607, 1555: 2 9 16
2608, 1555: 2 101 9
2609, 1555: 2 44 159
2610, 1556: 2 101 64
2611, 1557: 1 44 35
2612, 1558: 1 56 161
2613, 1559: 2 76 111
2614, 1560: 2 129 103
2615, 1561: 2 68 119
2616, 1562: 1 35 25
2617, 1562: 1 23 6
2618, 1562: 2 29 132
2619, 1562: 1 49 149
2620, 1563: 1 99 137
2621, 1563: 2 46 63
2622, 1563: 2 114 92
2623, 1564: 2 144 155
2624, 1565: 2 56 46
2625, 1566: 1 111 7
2626, 1566: 1 82 31
2627, 1567: 2 62 143
2628, 1567: 2 6 155
2629, 1568: 1 49 70
2630, 1569: 1 136 64
2631, 1569: 2 113 39
2632, 1570: 2 124 19
2633, 1571: 2 71 59
2634, 1572: 2 119 118
2635, 1572: 2 129 18
2636, 1572: 1 36 149
2637, 1572: 2 99 91
2638, 1573: 2 31 68
2639, 1574: 1 42 9
2640, 1575: 2 63 95
2641, 1575: 1 109 124
2642, 1575: 2 85 101
2643, 1576: 2 13 43
2644, 1577: 2 154 94
2645, 1578: 2 113 119
2646, 1579: 2 100 99
2647, 1580: 1 37 92
2648, 1581: 2 89 144
2649, 1582: 1 128 148
2650, 1582: 1 142 104
2651, 1583: 1 102 31
2652, 1583: 2 90 98
2653, 1584: 1 131 132
2654, 1584: 1 72 9
2655, 1585: 1 49 143
2656, 1586: 1 11 64
2657, 1587: 2 16 107
2658, 1588: 1 9 35
2659, 1588: 1 159 81
2660, 1588: 2 64 122
2661, 1588: 1 35 18
2662, 1589: 2 161 61
2663, 1590: 1 111 75
2664, 1591: 2 103 103
2665, 1592: 2 119 116
2666, 1593: 1 25 95
2667, 1593: 2 6 52
2668, 1593: 2 132 156
2669, 1593: 1 149 35
2670, 1593: 2 137 84
2671, 1594: 2 63 78
2672, 1595: 2 92 39
2673, 1596: 2 155 66
2674, 1597: 2 46 81
2675, 1598: 2 7 82
2676, 1599: 2 31 44
2677, 1600: 1 143 76
2678, 1601: 2 155 127
2679, 1601: 2 70 83
2680, 1602: 2 64 99
2681, 1603: 2 39 147
2682, 1603: 1 19 64
2683, 1604: 2 59 146
2684, 1604: 2 118 110
2685, 1605: 2 18 155
2686, 1605: 1 149 106
2687, 1606: 1 91 11
2688, 1607: 2 68 27
2689, 1608: 2 9 12
2690, 1609: 2 95 88
2691, 1610: 2 124 155
2692, 1611: 2 101 32
2693, 1612: 2 43 56
2694, 1612: 2 94 6
2695, 1612: 2 119 8
2696, 1613: 2 99 148
2697, 1614: 1 92 36
2698, 1615: 2 144 92
2699, 1615: 2 148 102
2700, 1616: 2 104 124
2701, 1616: 1 31 89
2702, 1617: 1 98 52
2703, 1617: 1 132 144
2704, 1617: 2 9 49
2705, 1618: 2 143 84
2706, 1619: 2 64 66
2707, 1620: 2 107 59
2708, 1621: 2 35 9
2709, 1622: 1 81 101
2710, 1622: 1 122 44
2711, 1622: 2 18 101
2712, 1623: 2 61 44
2713, 1624: 2 75 56
2714, 1625: 2 103 76
2715, 1626: 2 116 129
2716, 1626: 2 95 68
2717, 1627: 2 52 35
2718, 1628: 2 156 23
2719, 1629: 2 35 29
2720, 1629: 2 84 49
2721, 1629: 2 78 99
2722, 1630: 2 39 46
2723, 1630: 2 66 114
2724, 1631: 1 81 144
2725, 1631: 1 82 56
2726, 1631: 1 44 111
2727, 1631: 1 76 82
2728, 1632: 1 127 62
2729, 1633: 2 83 6
2730, 1633: 2 99 49
2731, 1633: 1 147 136
2732, 1633: 1 64 113
2733, 1634: 1 146 124
2734, 1634: 1 110 71
2735, 1635: 2 155 119
2736, 1636: 1 106 129
2737, 1637: 1 11 36
2738, 1637: 2 27 99
2739, 1638: 2 12 31
2740, 1639: 1 88 42
2741, 1640: 1 155 63
2742, 1641: 2 32 109
2743, 1642: 1 56 85
2744, 1642: 1 6 13
2745, 1642: 2 8 154
2746, 1642: 2 148 113
2747, 1642: 1 36 100
2748, 1642: 2 92 37
2749, 1643: 1 102 89
2750, 1643: 2 124 128
2751, 1644: 1 89 142
2752, 1645: 2 52 102
2753, 1646: 2 144 90
2754, 1646: 1 49 131
2755, 1647: 2 84 72
2756, 1648: 1 66 49
2757, 1649: 1 59 11
2758, 1650: 2 9 16
2759, 1650: 2 101 9
2760, 1650: 2 44 159
2761, 1651: 2 101 64
2762, 1652: 1 44 35
2763, 1653: 1 56 161
2764, 1654: 2 76 111
2765, 1655: 2 129 103
2766, 1656: 2 68 119
2767, 1657: 1 35 25
2768, 1657: 1 23 6
2769, 1657: 2 29 132
2770, 1657: 1 49 149
2771, 1658: 1 99 137
2772, 1658: 2 46 63
2773, 1658: 2 114 92
2774, 1659: 2 144 155
2775, 1660: 2 56 46
2776, 1661: 1 111 7
2777, 1661: 1 82 31
2778, 1662: 2 62 143
2779, 1662: 2 6 155
2780, 1663: 1 49 70
2781, 1664: 1 136 64
2782, 1664: 2 113 39
2783, 1665: 2 124 19
2784, 1666: 2 71 59
2785, 1667: 2 119 118
2786, 1667: 2 129 18
2787, 1667: 1 36 149
2788, 1667: 2 99 91
2789, 1668: 2 31 68
2790, 1669: 1 42 9
2791, 1670: 2 63 95
2792, 1670: 1 109 124
2793, 1670: 2 85 101
2794, 1671: 2 13 43
2795, 1672: 2 154 94
2796, 1673: 2 113 119
2797, 1674: 2 100 99
2798, 1675: 1 37 92
2799, 1676: 2 89 144
2800, 1677: 1 128 148
2801, 1677: 1 142 104
2802, 1678: 1 102 31
2803, 1678: 2 90 98
2804, 1679: 1 131 132
2805, 1679: 1 72 9
2806, 1680: 1 49 143
2807, 1681: 1 11 64
2808, 1682: 2 16 107
2809, 1683: 1 9 35
2810, 1683: 1 159 81
2811, 1683: 2 64 122
2812, 1683: 1 35 18
2813, 1684: 2 161 61
2814, 1685: 1 111 75
2815, 1686: 2 103 103
2816, 1687: 2 119 116
2817, 1688: 1 25 95
2818, 1688: 2 6 52
2819, 1688: 2 132 156
2820, 1688: 1 149 35
2821, 1688: 2 137 84
2822, 1689: 2 63 78
2823, 1690: 2 92 39
2824, 1691: 2 155 66
2825, 1692: 2 46 81
2826, 1693: 2 7 82
2827, 1694: 2 31 44
2828, 1695: 1 143 76
2829, 1696: 2 155 127
2830, 1696: 2 70 83
2831, 1697: 2 64 99
2832, 1698: 2 39 147
2833, 1698: 1 19 64
2834, 1699: 2 59 146
2835, 1699: 2 118 110
2836, 1700: 2 18 155
2837, 1700: 1 149 106
2838, 1701: 1 91 11
2839, 1702: 2 68 27
2840, 1703: 2 9 12
2841, 1704: 2 95 88
2842, 1705: 2 124 155
2843, 1706: 2 101 32
2844, 1707: 2 43 56
2845, 1707: 2 94 6
2846, 1707: 2 119 8
2847, 1708: 2 99 148
2848, 1709: 1 92 36
2849, 1710: 2 144 92
2850, 1710: 2 148 102
2851, 1711: 2 104 124
2852, 1711: 1 31 89
2853, 1712: 1 98 52
2854, 1712: 1 132 144
2855, 1712: 2 9 49
2856, 1713: 2 143 84
2857, 1714: 2 64 66
2858, 1715: 2 107 59
2859, 1716: 2 35 9
2860, 1717: 1 81 101
2861, 1717: 1 122 44
2862, 1717: 2 18 101
2863, 1718: 2 61 44
2864, 1719: 2 75 56
2865, 1720: 2 103 76
2866, 1721: 2 116 129
2867, 1721: 2 95 68
2868, 1722: 2 52 35
2869, 1723: 2 156 23
2870, 1724: 2 35 29
2871, 1724: 2 84 49
2872, 1724: 2 78 99
2873, 1725: 2 39 46
2874, 1725: 2 66 114
2875, 1726: 1 81 144
2876, 1726: 1 82 56
2877, 1726: 1 44 111
2878, 1726: 1 76 82
2879, 1727: 1 127 62
2880, 1728: 2 83 6
2881, 1728: 2 99 49
2882, 1728: 1 147 136
2883, 1728: 1 64 113
2884, 1729: 1 146 124
2885, 1729: 1 110 71
2886, 1730: 2 155 119
2887, 1731: 1 106 129
2888, 1732: 1 11 36
2889, 1732: 2 27 99
2890, 1733: 2 12 31
2891, 1734: 1 88 42
2892, 1735: 1 155 63
2893, 1736: 2 32 109
2894, 1737: 1 56 85
2895, 1737: 1 6 13
2896, 1737: 2 8 154
2897, 1737: 2 148 113
2898, 1737: 1 36 100
2899, 1737: 2 92 37
2900, 1738: 1 102 89
2901, 1738: 2 124 128
2902, 1739: 1 89 142
2903, 1740: 2 52 102
2904, 1741: 2 144 90
2905, 1741: 1 49 131
2906, 1742: 2 84 72
2907, 1743: 1 66 49
2908, 1744: 1 59 11
2909, 1745: 2 9 16
2910, 1745: 2 101 9
2911, 1745: 2 44 159
2912, 1746: 2 101 64
2913, 1747: 1 44 35
2914, 1748: 1 56 161
2915, 1749: 2 76 111
2916, 1750: 2 129 103
2917, 1751: 2 68 119
2918, 1752: 1 35 25
2919, 1752: 1 23 6
2920, 1752: 2 29 132
2921, 1752: 1 49 149
2922, 1753: 1 99 137
2923, 1753: 2 46 63
2924, 1753: 2 114 92
2925, 1754: 2 144 155
2926, 1755: 2 56 46
2927, 1756: 1 111 7
2928, 1756: 1 82 31
2929, 1757: 2 62 143
2930, 1757: 2 6 155
2931, 1758: 1 49 70
2932, 1759: 1 136 64
2933, 1759: 2 113 39
2934, 1760: 2 124 19
2935, 1761: 2 71 59
2936, 1762: 2 119 118
2937, 1762: 2 129 18
2938, 1762: 1 36 149
2939, 1762: 2 99 91
2940, 1763: 2 31 68
2941, 1764: 1 42 9
2942, 1765: 2 63 95
2943, 1765: 1 109 124
2944, 1765: 2 85 101
2945, 1766: 2 13 43
2946, 1767: 2 154 94
2947, 1768: 2 113 119
2948, 1769: 2 100 99
2949, 1770: 1 37 92
2950, 1771: 2 89 144
2951, 1772: 1 128 148
2952, 1772: 1 142 104
2953, 1773: 1 102 31
2954, 1773: 2 90 98
2955, 1774: 1 131 132
2956, 1774: 1 72 9
2957, 1775: 1 49 143
2958, 1776: 1 11 64
2959, 1777: 2 16 107
2960, 1778: 1 9 35
2961, 1778: 1 159 81
2962, 1778: 2 64 122
2963, 1778: 1 35 18
2964, 1779: 2 161 61
2965, 1780: 1 111 75
2966, 1781: 2 103 103
2967, 1782: 2 119 116
2968, 1783: 1 25 95
2969, 1783: 2 6 52
2970, 1783: 2 132 156
2971, 1783: 1 149 35
2972, 1783: 2 137 84
2973, 1784: 2 63 78
2974, 1785: 2 92 39
2975, 1786: 2 155 66
2976, 1787: 2 46 81
2977, 1788: 2 7 82
2978, 1789: 2 31 44
2979, 1790: 1 143 76
2980, 1791: 2 155 127
2981, 1791: 2 70 83
2982, 1792: 2 64 99
2983, 1793: 2 39 147
2984, 1793: 1 19 64
2985, 1794: 2 59 146
2986, 1794: 2 118 110
2987, 1795: 2 18 155
2988, 1795: 1 149 106
2989, 1796: 1 91 11
2990, 1797: 2 68 27
2991, 1798: 2 9 12
2992, 1799: 2 95 88
2993, 1800: 2 124 155
2994, 1801: 2 101 32
2995, 1802: 2 43 56
2996, 1802: 2 94 6
2997, 1802: 2 119 8
2998, 1803: 2 99 148
2999, 1804: 1 92 36
1804
