[] [1]
1.00000
[2] []
2.00000
[] [2 3]
2.50000
[3 4] []
3.50000
[] [1 2 3 4]
2.50000
[2 3 4 5] []
3.50000
[] [1 2 3 4 5]
3.00000
[4 5 6 8 9] []
6.00000
[] [1 2 3 4 5 6]
3.50000
[3 4 5 6 7 8] []
5.50000
[1] [1]
1.00000
[1 1] [1 1]
1.00000
[1 2] [1 2]
1.50000
[1 1] [1 2]
1.00000
[1 2] [1 1]
1.00000
[2 2] [2 3]
2.00000
[2 3] [2 2]
2.00000
[1 1 1] [1 1 1]
1.00000
[1 2] [1 2 3]
2.00000
[1 2 3] [1 2]
2.00000
[1 2 2] [1 2 3]
2.00000
[1 2 3] [1 2 2]
2.00000
[2 2 2 2] [2 2 2]
2.00000
[2 2 2] [2 2 2 2]
2.00000
[3 3 3 3] [3 3 3 3]
3.00000
[1 1 3 3] [1 1 3 3]
2.00000
[100000] [100001]
100000.50000
[100001] [100000]
100000.50000
[100002] [100000]
100001.00000
[100000] [100002]
100001.00000
[10] [9999]
5004.50000
[8342] [23]
4182.50000
[1] [2]
1.50000
[2] [1]
1.50000
[1] [2 3]
2.00000
[2 3] [1]
2.00000
[2] [1 3]
2.00000
[1 3] [2]
2.00000
[3] [1 2]
2.00000
[1 2] [3]
2.00000
[1] [2 3 4]
2.50000
[2 3 4] [1]
2.50000
[2] [1 3 4]
2.50000
[1 3 4] [2]
2.50000
[3] [1 2 4]
2.50000
[1 2 4] [3]
2.50000
[4] [1 2 3]
2.50000
[1 2 3] [4]
2.50000
[1 2] [3 4]
2.50000
[1 3] [2 4]
2.50000
[1 4] [2 3]
2.50000
[2 3] [1 4]
2.50000
[2 4] [1 3]
2.50000
[3 4] [1 2]
2.50000
[1] [2 3 4 5]
3.00000
[2 3 4 5] [1]
3.00000
[2] [1 3 4 5]
3.00000
[1 3 4 5] [2]
3.00000
[3] [1 2 4 5]
3.00000
[1 2 4 5] [3]
3.00000
[4] [1 2 3 5]
3.00000
[1 2 3 5] [4]
3.00000
[5] [1 2 3 4]
3.00000
[1 2 3 4] [5]
3.00000
[1 2] [3 4 5]
3.00000
[3 4 5] [1 2]
3.00000
[1 3] [2 4 5]
3.00000
[2 4 5] [1 3]
3.00000
[1 4] [2 3 5]
3.00000
[2 3 5] [1 4]
3.00000
[1 5] [2 3 4]
3.00000
[2 3 4] [1 5]
3.00000
[2 3] [1 4 5]
3.00000
[1 4 5] [2 3]
3.00000
[2 4] [1 3 5]
3.00000
[1 3 5] [2 4]
3.00000
[2 5] [1 3 4]
3.00000
[1 3 4] [2 5]
3.00000
[3 4] [1 2 5]
3.00000
[1 2 5] [3 4]
3.00000
[3 5] [1 2 4]
3.00000
[1 2 4] [3 5]
3.00000
[4 5] [1 2 3]
3.00000
[1 2 3] [4 5]
3.00000
[1] [2 3 4 5 6]
3.50000
[2 3 4 5 6] [1]
3.50000
[2] [1 3 4 5 6]
3.50000
[1 3 4 5 6] [2]
3.50000
[3] [1 2 4 5 6]
3.50000
[1 2 4 5 6] [3]
3.50000
[4] [1 2 3 5 6]
3.50000
[1 2 3 5 6] [4]
3.50000
[5] [1 2 3 4 6]
3.50000
[1 2 3 4 6] [5]
3.50000
[6] [1 2 3 4 5]
3.50000
[1 2 3 4 5] [6]
3.50000
[1 2] [3 4 5 6]
3.50000
[3 4 5 6] [1 2]
3.50000
[1 3] [2 4 5 6]
3.50000
[2 4 5 6] [1 3]
3.50000
[1 4] [2 3 5 6]
3.50000
[2 3 5 6] [1 4]
3.50000
[1 5] [2 3 4 6]
3.50000
[2 3 4 6] [1 5]
3.50000
[1 6] [2 3 4 5]
3.50000
[2 3 4 5] [1 6]
3.50000
[2 3] [1 4 5 6]
3.50000
[1 4 5 6] [2 3]
3.50000
[2 4] [1 3 5 6]
3.50000
[1 3 5 6] [2 4]
3.50000
[2 5] [1 3 4 6]
3.50000
[1 3 4 6] [2 5]
3.50000
[2 6] [1 3 4 5]
3.50000
[1 3 4 5] [2 6]
3.50000
[3 4] [1 2 5 6]
3.50000
[1 2 5 6] [3 4]
3.50000
[3 5] [1 2 4 6]
3.50000
[1 2 4 6] [3 5]
3.50000
[3 6] [1 2 4 5]
3.50000
[1 2 4 5] [3 6]
3.50000
[4 5] [1 2 3 6]
3.50000
[1 2 3 6] [4 5]
3.50000
[4 6] [1 2 3 5]
3.50000
[1 2 3 5] [4 6]
3.50000
[5 6] [1 2 3 4]
3.50000
[1 2 3 4] [5 6]
3.50000
[1 2 3] [4 5 6]
3.50000
[1 2 4] [3 5 6]
3.50000
[1 2 5] [3 4 6]
3.50000
[1 2 6] [3 4 5]
3.50000
[1 3 4] [2 5 6]
3.50000
[1 3 5] [2 4 6]
3.50000
[1 3 6] [2 4 5]
3.50000
[1 4 5] [2 3 6]
3.50000
[1 4 6] [2 3 5]
3.50000
[1 5 6] [2 3 4]
3.50000
[2 3 4] [1 5 6]
3.50000
[2 3 5] [1 4 6]
3.50000
[2 3 6] [1 4 5]
3.50000
[2 4 5] [1 3 6]
3.50000
[2 4 6] [1 3 5]
3.50000
[2 5 6] [1 3 4]
3.50000
[3 4 5] [1 2 6]
3.50000
[3 4 6] [1 2 5]
3.50000
[3 5 6] [1 2 4]
3.50000
[4 5 6] [1 2 3]
3.50000
[1] [2 3 4 5 6 7]
4.00000
[2 3 4 5 6 7] [1]
4.00000
[2] [1 3 4 5 6 7]
4.00000
[1 3 4 5 6 7] [2]
4.00000
[3] [1 2 4 5 6 7]
4.00000
[1 2 4 5 6 7] [3]
4.00000
[4] [1 2 3 5 6 7]
4.00000
[1 2 3 5 6 7] [4]
4.00000
[5] [1 2 3 4 6 7]
4.00000
[1 2 3 4 6 7] [5]
4.00000
[6] [1 2 3 4 5 7]
4.00000
[1 2 3 4 5 7] [6]
4.00000
[7] [1 2 3 4 5 6]
4.00000
[1 2 3 4 5 6] [7]
4.00000
[1 2] [3 4 5 6 7]
4.00000
[3 4 5 6 7] [1 2]
4.00000
[1 3] [2 4 5 6 7]
4.00000
[2 4 5 6 7] [1 3]
4.00000
[1 4] [2 3 5 6 7]
4.00000
[2 3 5 6 7] [1 4]
4.00000
[1 5] [2 3 4 6 7]
4.00000
[2 3 4 6 7] [1 5]
4.00000
[1 6] [2 3 4 5 7]
4.00000
[2 3 4 5 7] [1 6]
4.00000
[1 7] [2 3 4 5 6]
4.00000
[2 3 4 5 6] [1 7]
4.00000
[2 3] [1 4 5 6 7]
4.00000
[1 4 5 6 7] [2 3]
4.00000
[2 4] [1 3 5 6 7]
4.00000
[1 3 5 6 7] [2 4]
4.00000
[2 5] [1 3 4 6 7]
4.00000
[1 3 4 6 7] [2 5]
4.00000
[2 6] [1 3 4 5 7]
4.00000
[1 3 4 5 7] [2 6]
4.00000
[2 7] [1 3 4 5 6]
4.00000
[1 3 4 5 6] [2 7]
4.00000
[3 4] [1 2 5 6 7]
4.00000
[1 2 5 6 7] [3 4]
4.00000
[3 5] [1 2 4 6 7]
4.00000
[1 2 4 6 7] [3 5]
4.00000
[3 6] [1 2 4 5 7]
4.00000
[1 2 4 5 7] [3 6]
4.00000
[3 7] [1 2 4 5 6]
4.00000
[1 2 4 5 6] [3 7]
4.00000
[4 5] [1 2 3 6 7]
4.00000
[1 2 3 6 7] [4 5]
4.00000
[4 6] [1 2 3 5 7]
4.00000
[1 2 3 5 7] [4 6]
4.00000
[4 7] [1 2 3 5 6]
4.00000
[1 2 3 5 6] [4 7]
4.00000
[5 6] [1 2 3 4 7]
4.00000
[1 2 3 4 7] [5 6]
4.00000
[5 7] [1 2 3 4 6]
4.00000
[1 2 3 4 6] [5 7]
4.00000
[6 7] [1 2 3 4 5]
4.00000
[1 2 3 4 5] [6 7]
4.00000
[1 2 3] [4 5 6 7]
4.00000
[4 5 6 7] [1 2 3]
4.00000
[1 2 4] [3 5 6 7]
4.00000
[3 5 6 7] [1 2 4]
4.00000
[1 2 5] [3 4 6 7]
4.00000
[3 4 6 7] [1 2 5]
4.00000
[1 2 6] [3 4 5 7]
4.00000
[3 4 5 7] [1 2 6]
4.00000
[1 2 7] [3 4 5 6]
4.00000
[3 4 5 6] [1 2 7]
4.00000
[1 3 4] [2 5 6 7]
4.00000
[2 5 6 7] [1 3 4]
4.00000
[1 3 5] [2 4 6 7]
4.00000
[2 4 6 7] [1 3 5]
4.00000
[1 3 6] [2 4 5 7]
4.00000
[2 4 5 7] [1 3 6]
4.00000
[1 3 7] [2 4 5 6]
4.00000
[2 4 5 6] [1 3 7]
4.00000
[1 4 5] [2 3 6 7]
4.00000
[2 3 6 7] [1 4 5]
4.00000
[1 4 6] [2 3 5 7]
4.00000
[2 3 5 7] [1 4 6]
4.00000
[1 4 7] [2 3 5 6]
4.00000
[2 3 5 6] [1 4 7]
4.00000
[1 5 6] [2 3 4 7]
4.00000
[2 3 4 7] [1 5 6]
4.00000
[1 5 7] [2 3 4 6]
4.00000
[2 3 4 6] [1 5 7]
4.00000
[1 6 7] [2 3 4 5]
4.00000
[2 3 4 5] [1 6 7]
4.00000
[2 3 4] [1 5 6 7]
4.00000
[1 5 6 7] [2 3 4]
4.00000
[2 3 5] [1 4 6 7]
4.00000
[1 4 6 7] [2 3 5]
4.00000
[2 3 6] [1 4 5 7]
4.00000
[1 4 5 7] [2 3 6]
4.00000
[2 3 7] [1 4 5 6]
4.00000
[1 4 5 6] [2 3 7]
4.00000
[2 4 5] [1 3 6 7]
4.00000
[1 3 6 7] [2 4 5]
4.00000
[2 4 6] [1 3 5 7]
4.00000
[1 3 5 7] [2 4 6]
4.00000
[2 4 7] [1 3 5 6]
4.00000
[1 3 5 6] [2 4 7]
4.00000
[2 5 6] [1 3 4 7]
4.00000
[1 3 4 7] [2 5 6]
4.00000
[2 5 7] [1 3 4 6]
4.00000
[1 3 4 6] [2 5 7]
4.00000
[2 6 7] [1 3 4 5]
4.00000
[1 3 4 5] [2 6 7]
4.00000
[3 4 5] [1 2 6 7]
4.00000
[1 2 6 7] [3 4 5]
4.00000
[3 4 6] [1 2 5 7]
4.00000
[1 2 5 7] [3 4 6]
4.00000
[3 4 7] [1 2 5 6]
4.00000
[1 2 5 6] [3 4 7]
4.00000
[3 5 6] [1 2 4 7]
4.00000
[1 2 4 7] [3 5 6]
4.00000
[3 5 7] [1 2 4 6]
4.00000
[1 2 4 6] [3 5 7]
4.00000
[3 6 7] [1 2 4 5]
4.00000
[1 2 4 5] [3 6 7]
4.00000
[4 5 6] [1 2 3 7]
4.00000
[1 2 3 7] [4 5 6]
4.00000
[4 5 7] [1 2 3 6]
4.00000
[1 2 3 6] [4 5 7]
4.00000
[4 6 7] [1 2 3 5]
4.00000
[1 2 3 5] [4 6 7]
4.00000
[5 6 7] [1 2 3 4]
4.00000
[1 2 3 4] [5 6 7]
4.00000
[1] [2 3 4 5 6 7 8]
4.50000
[2 3 4 5 6 7 8] [1]
4.50000
[2] [1 3 4 5 6 7 8]
4.50000
[1 3 4 5 6 7 8] [2]
4.50000
[3] [1 2 4 5 6 7 8]
4.50000
[1 2 4 5 6 7 8] [3]
4.50000
[4] [1 2 3 5 6 7 8]
4.50000
[1 2 3 5 6 7 8] [4]
4.50000
[5] [1 2 3 4 6 7 8]
4.50000
[1 2 3 4 6 7 8] [5]
4.50000
[6] [1 2 3 4 5 7 8]
4.50000
[1 2 3 4 5 7 8] [6]
4.50000
[7] [1 2 3 4 5 6 8]
4.50000
[1 2 3 4 5 6 8] [7]
4.50000
[8] [1 2 3 4 5 6 7]
4.50000
[1 2 3 4 5 6 7] [8]
4.50000
[1 2] [3 4 5 6 7 8]
4.50000
[3 4 5 6 7 8] [1 2]
4.50000
[1 3] [2 4 5 6 7 8]
4.50000
[2 4 5 6 7 8] [1 3]
4.50000
[1 4] [2 3 5 6 7 8]
4.50000
[2 3 5 6 7 8] [1 4]
4.50000
[1 5] [2 3 4 6 7 8]
4.50000
[2 3 4 6 7 8] [1 5]
4.50000
[1 6] [2 3 4 5 7 8]
4.50000
[2 3 4 5 7 8] [1 6]
4.50000
[1 7] [2 3 4 5 6 8]
4.50000
[2 3 4 5 6 8] [1 7]
4.50000
[1 8] [2 3 4 5 6 7]
4.50000
[2 3 4 5 6 7] [1 8]
4.50000
[2 3] [1 4 5 6 7 8]
4.50000
[1 4 5 6 7 8] [2 3]
4.50000
[2 4] [1 3 5 6 7 8]
4.50000
[1 3 5 6 7 8] [2 4]
4.50000
[2 5] [1 3 4 6 7 8]
4.50000
[1 3 4 6 7 8] [2 5]
4.50000
[2 6] [1 3 4 5 7 8]
4.50000
[1 3 4 5 7 8] [2 6]
4.50000
[2 7] [1 3 4 5 6 8]
4.50000
[1 3 4 5 6 8] [2 7]
4.50000
[2 8] [1 3 4 5 6 7]
4.50000
[1 3 4 5 6 7] [2 8]
4.50000
[3 4] [1 2 5 6 7 8]
4.50000
[1 2 5 6 7 8] [3 4]
4.50000
[3 5] [1 2 4 6 7 8]
4.50000
[1 2 4 6 7 8] [3 5]
4.50000
[3 6] [1 2 4 5 7 8]
4.50000
[1 2 4 5 7 8] [3 6]
4.50000
[3 7] [1 2 4 5 6 8]
4.50000
[1 2 4 5 6 8] [3 7]
4.50000
[3 8] [1 2 4 5 6 7]
4.50000
[1 2 4 5 6 7] [3 8]
4.50000
[4 5] [1 2 3 6 7 8]
4.50000
[1 2 3 6 7 8] [4 5]
4.50000
[4 6] [1 2 3 5 7 8]
4.50000
[1 2 3 5 7 8] [4 6]
4.50000
[4 7] [1 2 3 5 6 8]
4.50000
[1 2 3 5 6 8] [4 7]
4.50000
[4 8] [1 2 3 5 6 7]
4.50000
[1 2 3 5 6 7] [4 8]
4.50000
[5 6] [1 2 3 4 7 8]
4.50000
[1 2 3 4 7 8] [5 6]
4.50000
[5 7] [1 2 3 4 6 8]
4.50000
[1 2 3 4 6 8] [5 7]
4.50000
[5 8] [1 2 3 4 6 7]
4.50000
[1 2 3 4 6 7] [5 8]
4.50000
[6 7] [1 2 3 4 5 8]
4.50000
[1 2 3 4 5 8] [6 7]
4.50000
[6 8] [1 2 3 4 5 7]
4.50000
[1 2 3 4 5 7] [6 8]
4.50000
[7 8] [1 2 3 4 5 6]
4.50000
[1 2 3 4 5 6] [7 8]
4.50000
[1 2 3] [4 5 6 7 8]
4.50000
[4 5 6 7 8] [1 2 3]
4.50000
[1 2 4] [3 5 6 7 8]
4.50000
[3 5 6 7 8] [1 2 4]
4.50000
[1 2 5] [3 4 6 7 8]
4.50000
[3 4 6 7 8] [1 2 5]
4.50000
[1 2 6] [3 4 5 7 8]
4.50000
[3 4 5 7 8] [1 2 6]
4.50000
[1 2 7] [3 4 5 6 8]
4.50000
[3 4 5 6 8] [1 2 7]
4.50000
[1 2 8] [3 4 5 6 7]
4.50000
[3 4 5 6 7] [1 2 8]
4.50000
[1 3 4] [2 5 6 7 8]
4.50000
[2 5 6 7 8] [1 3 4]
4.50000
[1 3 5] [2 4 6 7 8]
4.50000
[2 4 6 7 8] [1 3 5]
4.50000
[1 3 6] [2 4 5 7 8]
4.50000
[2 4 5 7 8] [1 3 6]
4.50000
[1 3 7] [2 4 5 6 8]
4.50000
[2 4 5 6 8] [1 3 7]
4.50000
[1 3 8] [2 4 5 6 7]
4.50000
[2 4 5 6 7] [1 3 8]
4.50000
[1 4 5] [2 3 6 7 8]
4.50000
[2 3 6 7 8] [1 4 5]
4.50000
[1 4 6] [2 3 5 7 8]
4.50000
[2 3 5 7 8] [1 4 6]
4.50000
[1 4 7] [2 3 5 6 8]
4.50000
[2 3 5 6 8] [1 4 7]
4.50000
[1 4 8] [2 3 5 6 7]
4.50000
[2 3 5 6 7] [1 4 8]
4.50000
[1 5 6] [2 3 4 7 8]
4.50000
[2 3 4 7 8] [1 5 6]
4.50000
[1 5 7] [2 3 4 6 8]
4.50000
[2 3 4 6 8] [1 5 7]
4.50000
[1 5 8] [2 3 4 6 7]
4.50000
[2 3 4 6 7] [1 5 8]
4.50000
[1 6 7] [2 3 4 5 8]
4.50000
[2 3 4 5 8] [1 6 7]
4.50000
[1 6 8] [2 3 4 5 7]
4.50000
[2 3 4 5 7] [1 6 8]
4.50000
[1 7 8] [2 3 4 5 6]
4.50000
[2 3 4 5 6] [1 7 8]
4.50000
[2 3 4] [1 5 6 7 8]
4.50000
[1 5 6 7 8] [2 3 4]
4.50000
[2 3 5] [1 4 6 7 8]
4.50000
[1 4 6 7 8] [2 3 5]
4.50000
[2 3 6] [1 4 5 7 8]
4.50000
[1 4 5 7 8] [2 3 6]
4.50000
[2 3 7] [1 4 5 6 8]
4.50000
[1 4 5 6 8] [2 3 7]
4.50000
[2 3 8] [1 4 5 6 7]
4.50000
[1 4 5 6 7] [2 3 8]
4.50000
[2 4 5] [1 3 6 7 8]
4.50000
[1 3 6 7 8] [2 4 5]
4.50000
[2 4 6] [1 3 5 7 8]
4.50000
[1 3 5 7 8] [2 4 6]
4.50000
[2 4 7] [1 3 5 6 8]
4.50000
[1 3 5 6 8] [2 4 7]
4.50000
[2 4 8] [1 3 5 6 7]
4.50000
[1 3 5 6 7] [2 4 8]
4.50000
[2 5 6] [1 3 4 7 8]
4.50000
[1 3 4 7 8] [2 5 6]
4.50000
[2 5 7] [1 3 4 6 8]
4.50000
[1 3 4 6 8] [2 5 7]
4.50000
[2 5 8] [1 3 4 6 7]
4.50000
[1 3 4 6 7] [2 5 8]
4.50000
[2 6 7] [1 3 4 5 8]
4.50000
[1 3 4 5 8] [2 6 7]
4.50000
[2 6 8] [1 3 4 5 7]
4.50000
[1 3 4 5 7] [2 6 8]
4.50000
[2 7 8] [1 3 4 5 6]
4.50000
[1 3 4 5 6] [2 7 8]
4.50000
[3 4 5] [1 2 6 7 8]
4.50000
[1 2 6 7 8] [3 4 5]
4.50000
[3 4 6] [1 2 5 7 8]
4.50000
[1 2 5 7 8] [3 4 6]
4.50000
[3 4 7] [1 2 5 6 8]
4.50000
[1 2 5 6 8] [3 4 7]
4.50000
[3 4 8] [1 2 5 6 7]
4.50000
[1 2 5 6 7] [3 4 8]
4.50000
[3 5 6] [1 2 4 7 8]
4.50000
[1 2 4 7 8] [3 5 6]
4.50000
[3 5 7] [1 2 4 6 8]
4.50000
[1 2 4 6 8] [3 5 7]
4.50000
[3 5 8] [1 2 4 6 7]
4.50000
[1 2 4 6 7] [3 5 8]
4.50000
[3 6 7] [1 2 4 5 8]
4.50000
[1 2 4 5 8] [3 6 7]
4.50000
[3 6 8] [1 2 4 5 7]
4.50000
[1 2 4 5 7] [3 6 8]
4.50000
[3 7 8] [1 2 4 5 6]
4.50000
[1 2 4 5 6] [3 7 8]
4.50000
[4 5 6] [1 2 3 7 8]
4.50000
[1 2 3 7 8] [4 5 6]
4.50000
[4 5 7] [1 2 3 6 8]
4.50000
[1 2 3 6 8] [4 5 7]
4.50000
[4 5 8] [1 2 3 6 7]
4.50000
[1 2 3 6 7] [4 5 8]
4.50000
[4 6 7] [1 2 3 5 8]
4.50000
[1 2 3 5 8] [4 6 7]
4.50000
[4 6 8] [1 2 3 5 7]
4.50000
[1 2 3 5 7] [4 6 8]
4.50000
[4 7 8] [1 2 3 5 6]
4.50000
[1 2 3 5 6] [4 7 8]
4.50000
[5 6 7] [1 2 3 4 8]
4.50000
[1 2 3 4 8] [5 6 7]
4.50000
[5 6 8] [1 2 3 4 7]
4.50000
[1 2 3 4 7] [5 6 8]
4.50000
[5 7 8] [1 2 3 4 6]
4.50000
[1 2 3 4 6] [5 7 8]
4.50000
[6 7 8] [1 2 3 4 5]
4.50000
[1 2 3 4 5] [6 7 8]
4.50000
[1 2 3 4] [5 6 7 8]
4.50000
[1 2 3 5] [4 6 7 8]
4.50000
[1 2 3 6] [4 5 7 8]
4.50000
[1 2 3 7] [4 5 6 8]
4.50000
[1 2 3 8] [4 5 6 7]
4.50000
[1 2 4 5] [3 6 7 8]
4.50000
[1 2 4 6] [3 5 7 8]
4.50000
[1 2 4 7] [3 5 6 8]
4.50000
[1 2 4 8] [3 5 6 7]
4.50000
[1 2 5 6] [3 4 7 8]
4.50000
[1 2 5 7] [3 4 6 8]
4.50000
[1 2 5 8] [3 4 6 7]
4.50000
[1 2 6 7] [3 4 5 8]
4.50000
[1 2 6 8] [3 4 5 7]
4.50000
[1 2 7 8] [3 4 5 6]
4.50000
[1 3 4 5] [2 6 7 8]
4.50000
[1 3 4 6] [2 5 7 8]
4.50000
[1 3 4 7] [2 5 6 8]
4.50000
[1 3 4 8] [2 5 6 7]
4.50000
[1 3 5 6] [2 4 7 8]
4.50000
[1 3 5 7] [2 4 6 8]
4.50000
[1 3 5 8] [2 4 6 7]
4.50000
[1 3 6 7] [2 4 5 8]
4.50000
[1 3 6 8] [2 4 5 7]
4.50000
[1 3 7 8] [2 4 5 6]
4.50000
[1 4 5 6] [2 3 7 8]
4.50000
[1 4 5 7] [2 3 6 8]
4.50000
[1 4 5 8] [2 3 6 7]
4.50000
[1 4 6 7] [2 3 5 8]
4.50000
[1 4 6 8] [2 3 5 7]
4.50000
[1 4 7 8] [2 3 5 6]
4.50000
[1 5 6 7] [2 3 4 8]
4.50000
[1 5 6 8] [2 3 4 7]
4.50000
[1 5 7 8] [2 3 4 6]
4.50000
[1 6 7 8] [2 3 4 5]
4.50000
[2 3 4 5] [1 6 7 8]
4.50000
[2 3 4 6] [1 5 7 8]
4.50000
[2 3 4 7] [1 5 6 8]
4.50000
[2 3 4 8] [1 5 6 7]
4.50000
[2 3 5 6] [1 4 7 8]
4.50000
[2 3 5 7] [1 4 6 8]
4.50000
[2 3 5 8] [1 4 6 7]
4.50000
[2 3 6 7] [1 4 5 8]
4.50000
[2 3 6 8] [1 4 5 7]
4.50000
[2 3 7 8] [1 4 5 6]
4.50000
[2 4 5 6] [1 3 7 8]
4.50000
[2 4 5 7] [1 3 6 8]
4.50000
[2 4 5 8] [1 3 6 7]
4.50000
[2 4 6 7] [1 3 5 8]
4.50000
[2 4 6 8] [1 3 5 7]
4.50000
[2 4 7 8] [1 3 5 6]
4.50000
[2 5 6 7] [1 3 4 8]
4.50000
[2 5 6 8] [1 3 4 7]
4.50000
[2 5 7 8] [1 3 4 6]
4.50000
[2 6 7 8] [1 3 4 5]
4.50000
[3 4 5 6] [1 2 7 8]
4.50000
[3 4 5 7] [1 2 6 8]
4.50000
[3 4 5 8] [1 2 6 7]
4.50000
[3 4 6 7] [1 2 5 8]
4.50000
[3 4 6 8] [1 2 5 7]
4.50000
[3 4 7 8] [1 2 5 6]
4.50000
[3 5 6 7] [1 2 4 8]
4.50000
[3 5 6 8] [1 2 4 7]
4.50000
[3 5 7 8] [1 2 4 6]
4.50000
[3 6 7 8] [1 2 4 5]
4.50000
[4 5 6 7] [1 2 3 8]
4.50000
[4 5 6 8] [1 2 3 7]
4.50000
[4 5 7 8] [1 2 3 6]
4.50000
[4 6 7 8] [1 2 3 5]
4.50000
[5 6 7 8] [1 2 3 4]
4.50000
[1] [2 3 4 5 6 7 8 9]
5.00000
[2 3 4 5 6 7 8 9] [1]
5.00000
[2] [1 3 4 5 6 7 8 9]
5.00000
[1 3 4 5 6 7 8 9] [2]
5.00000
[3] [1 2 4 5 6 7 8 9]
5.00000
[1 2 4 5 6 7 8 9] [3]
5.00000
[4] [1 2 3 5 6 7 8 9]
5.00000
[1 2 3 5 6 7 8 9] [4]
5.00000
[5] [1 2 3 4 6 7 8 9]
5.00000
[1 2 3 4 6 7 8 9] [5]
5.00000
[6] [1 2 3 4 5 7 8 9]
5.00000
[1 2 3 4 5 7 8 9] [6]
5.00000
[7] [1 2 3 4 5 6 8 9]
5.00000
[1 2 3 4 5 6 8 9] [7]
5.00000
[8] [1 2 3 4 5 6 7 9]
5.00000
[1 2 3 4 5 6 7 9] [8]
5.00000
[9] [1 2 3 4 5 6 7 8]
5.00000
[1 2 3 4 5 6 7 8] [9]
5.00000
[1 2] [3 4 5 6 7 8 9]
5.00000
[3 4 5 6 7 8 9] [1 2]
5.00000
[1 3] [2 4 5 6 7 8 9]
5.00000
[2 4 5 6 7 8 9] [1 3]
5.00000
[1 4] [2 3 5 6 7 8 9]
5.00000
[2 3 5 6 7 8 9] [1 4]
5.00000
[1 5] [2 3 4 6 7 8 9]
5.00000
[2 3 4 6 7 8 9] [1 5]
5.00000
[1 6] [2 3 4 5 7 8 9]
5.00000
[2 3 4 5 7 8 9] [1 6]
5.00000
[1 7] [2 3 4 5 6 8 9]
5.00000
[2 3 4 5 6 8 9] [1 7]
5.00000
[1 8] [2 3 4 5 6 7 9]
5.00000
[2 3 4 5 6 7 9] [1 8]
5.00000
[1 9] [2 3 4 5 6 7 8]
5.00000
[2 3 4 5 6 7 8] [1 9]
5.00000
[2 3] [1 4 5 6 7 8 9]
5.00000
[1 4 5 6 7 8 9] [2 3]
5.00000
[2 4] [1 3 5 6 7 8 9]
5.00000
[1 3 5 6 7 8 9] [2 4]
5.00000
[2 5] [1 3 4 6 7 8 9]
5.00000
[1 3 4 6 7 8 9] [2 5]
5.00000
[2 6] [1 3 4 5 7 8 9]
5.00000
[1 3 4 5 7 8 9] [2 6]
5.00000
[2 7] [1 3 4 5 6 8 9]
5.00000
[1 3 4 5 6 8 9] [2 7]
5.00000
[2 8] [1 3 4 5 6 7 9]
5.00000
[1 3 4 5 6 7 9] [2 8]
5.00000
[2 9] [1 3 4 5 6 7 8]
5.00000
[1 3 4 5 6 7 8] [2 9]
5.00000
[3 4] [1 2 5 6 7 8 9]
5.00000
[1 2 5 6 7 8 9] [3 4]
5.00000
[3 5] [1 2 4 6 7 8 9]
5.00000
[1 2 4 6 7 8 9] [3 5]
5.00000
[3 6] [1 2 4 5 7 8 9]
5.00000
[1 2 4 5 7 8 9] [3 6]
5.00000
[3 7] [1 2 4 5 6 8 9]
5.00000
[1 2 4 5 6 8 9] [3 7]
5.00000
[3 8] [1 2 4 5 6 7 9]
5.00000
[1 2 4 5 6 7 9] [3 8]
5.00000
[3 9] [1 2 4 5 6 7 8]
5.00000
[1 2 4 5 6 7 8] [3 9]
5.00000
[4 5] [1 2 3 6 7 8 9]
5.00000
[1 2 3 6 7 8 9] [4 5]
5.00000
[4 6] [1 2 3 5 7 8 9]
5.00000
[1 2 3 5 7 8 9] [4 6]
5.00000
[4 7] [1 2 3 5 6 8 9]
5.00000
[1 2 3 5 6 8 9] [4 7]
5.00000
[4 8] [1 2 3 5 6 7 9]
5.00000
[1 2 3 5 6 7 9] [4 8]
5.00000
[4 9] [1 2 3 5 6 7 8]
5.00000
[1 2 3 5 6 7 8] [4 9]
5.00000
[5 6] [1 2 3 4 7 8 9]
5.00000
[1 2 3 4 7 8 9] [5 6]
5.00000
[5 7] [1 2 3 4 6 8 9]
5.00000
[1 2 3 4 6 8 9] [5 7]
5.00000
[5 8] [1 2 3 4 6 7 9]
5.00000
[1 2 3 4 6 7 9] [5 8]
5.00000
[5 9] [1 2 3 4 6 7 8]
5.00000
[1 2 3 4 6 7 8] [5 9]
5.00000
[6 7] [1 2 3 4 5 8 9]
5.00000
[1 2 3 4 5 8 9] [6 7]
5.00000
[6 8] [1 2 3 4 5 7 9]
5.00000
[1 2 3 4 5 7 9] [6 8]
5.00000
[6 9] [1 2 3 4 5 7 8]
5.00000
[1 2 3 4 5 7 8] [6 9]
5.00000
[7 8] [1 2 3 4 5 6 9]
5.00000
[1 2 3 4 5 6 9] [7 8]
5.00000
[7 9] [1 2 3 4 5 6 8]
5.00000
[1 2 3 4 5 6 8] [7 9]
5.00000
[8 9] [1 2 3 4 5 6 7]
5.00000
[1 2 3 4 5 6 7] [8 9]
5.00000
[1 2 3] [4 5 6 7 8 9]
5.00000
[4 5 6 7 8 9] [1 2 3]
5.00000
[1 2 4] [3 5 6 7 8 9]
5.00000
[3 5 6 7 8 9] [1 2 4]
5.00000
[1 2 5] [3 4 6 7 8 9]
5.00000
[3 4 6 7 8 9] [1 2 5]
5.00000
[1 2 6] [3 4 5 7 8 9]
5.00000
[3 4 5 7 8 9] [1 2 6]
5.00000
[1 2 7] [3 4 5 6 8 9]
5.00000
[3 4 5 6 8 9] [1 2 7]
5.00000
[1 2 8] [3 4 5 6 7 9]
5.00000
[3 4 5 6 7 9] [1 2 8]
5.00000
[1 2 9] [3 4 5 6 7 8]
5.00000
[3 4 5 6 7 8] [1 2 9]
5.00000
[1 3 4] [2 5 6 7 8 9]
5.00000
[2 5 6 7 8 9] [1 3 4]
5.00000
[1 3 5] [2 4 6 7 8 9]
5.00000
[2 4 6 7 8 9] [1 3 5]
5.00000
[1 3 6] [2 4 5 7 8 9]
5.00000
[2 4 5 7 8 9] [1 3 6]
5.00000
[1 3 7] [2 4 5 6 8 9]
5.00000
[2 4 5 6 8 9] [1 3 7]
5.00000
[1 3 8] [2 4 5 6 7 9]
5.00000
[2 4 5 6 7 9] [1 3 8]
5.00000
[1 3 9] [2 4 5 6 7 8]
5.00000
[2 4 5 6 7 8] [1 3 9]
5.00000
[1 4 5] [2 3 6 7 8 9]
5.00000
[2 3 6 7 8 9] [1 4 5]
5.00000
[1 4 6] [2 3 5 7 8 9]
5.00000
[2 3 5 7 8 9] [1 4 6]
5.00000
[1 4 7] [2 3 5 6 8 9]
5.00000
[2 3 5 6 8 9] [1 4 7]
5.00000
[1 4 8] [2 3 5 6 7 9]
5.00000
[2 3 5 6 7 9] [1 4 8]
5.00000
[1 4 9] [2 3 5 6 7 8]
5.00000
[2 3 5 6 7 8] [1 4 9]
5.00000
[1 5 6] [2 3 4 7 8 9]
5.00000
[2 3 4 7 8 9] [1 5 6]
5.00000
[1 5 7] [2 3 4 6 8 9]
5.00000
[2 3 4 6 8 9] [1 5 7]
5.00000
[1 5 8] [2 3 4 6 7 9]
5.00000
[2 3 4 6 7 9] [1 5 8]
5.00000
[1 5 9] [2 3 4 6 7 8]
5.00000
[2 3 4 6 7 8] [1 5 9]
5.00000
[1 6 7] [2 3 4 5 8 9]
5.00000
[2 3 4 5 8 9] [1 6 7]
5.00000
[1 6 8] [2 3 4 5 7 9]
5.00000
[2 3 4 5 7 9] [1 6 8]
5.00000
[1 6 9] [2 3 4 5 7 8]
5.00000
[2 3 4 5 7 8] [1 6 9]
5.00000
[1 7 8] [2 3 4 5 6 9]
5.00000
[2 3 4 5 6 9] [1 7 8]
5.00000
[1 7 9] [2 3 4 5 6 8]
5.00000
[2 3 4 5 6 8] [1 7 9]
5.00000
[1 8 9] [2 3 4 5 6 7]
5.00000
[2 3 4 5 6 7] [1 8 9]
5.00000
[2 3 4] [1 5 6 7 8 9]
5.00000
[1 5 6 7 8 9] [2 3 4]
5.00000
[2 3 5] [1 4 6 7 8 9]
5.00000
[1 4 6 7 8 9] [2 3 5]
5.00000
[2 3 6] [1 4 5 7 8 9]
5.00000
[1 4 5 7 8 9] [2 3 6]
5.00000
[2 3 7] [1 4 5 6 8 9]
5.00000
[1 4 5 6 8 9] [2 3 7]
5.00000
[2 3 8] [1 4 5 6 7 9]
5.00000
[1 4 5 6 7 9] [2 3 8]
5.00000
[2 3 9] [1 4 5 6 7 8]
5.00000
[1 4 5 6 7 8] [2 3 9]
5.00000
[2 4 5] [1 3 6 7 8 9]
5.00000
[1 3 6 7 8 9] [2 4 5]
5.00000
[2 4 6] [1 3 5 7 8 9]
5.00000
[1 3 5 7 8 9] [2 4 6]
5.00000
[2 4 7] [1 3 5 6 8 9]
5.00000
[1 3 5 6 8 9] [2 4 7]
5.00000
[2 4 8] [1 3 5 6 7 9]
5.00000
[1 3 5 6 7 9] [2 4 8]
5.00000
[2 4 9] [1 3 5 6 7 8]
5.00000
[1 3 5 6 7 8] [2 4 9]
5.00000
[2 5 6] [1 3 4 7 8 9]
5.00000
[1 3 4 7 8 9] [2 5 6]
5.00000
[2 5 7] [1 3 4 6 8 9]
5.00000
[1 3 4 6 8 9] [2 5 7]
5.00000
[2 5 8] [1 3 4 6 7 9]
5.00000
[1 3 4 6 7 9] [2 5 8]
5.00000
[2 5 9] [1 3 4 6 7 8]
5.00000
[1 3 4 6 7 8] [2 5 9]
5.00000
[2 6 7] [1 3 4 5 8 9]
5.00000
[1 3 4 5 8 9] [2 6 7]
5.00000
[2 6 8] [1 3 4 5 7 9]
5.00000
[1 3 4 5 7 9] [2 6 8]
5.00000
[2 6 9] [1 3 4 5 7 8]
5.00000
[1 3 4 5 7 8] [2 6 9]
5.00000
[2 7 8] [1 3 4 5 6 9]
5.00000
[1 3 4 5 6 9] [2 7 8]
5.00000
[2 7 9] [1 3 4 5 6 8]
5.00000
[1 3 4 5 6 8] [2 7 9]
5.00000
[2 8 9] [1 3 4 5 6 7]
5.00000
[1 3 4 5 6 7] [2 8 9]
5.00000
[3 4 5] [1 2 6 7 8 9]
5.00000
[1 2 6 7 8 9] [3 4 5]
5.00000
[3 4 6] [1 2 5 7 8 9]
5.00000
[1 2 5 7 8 9] [3 4 6]
5.00000
[3 4 7] [1 2 5 6 8 9]
5.00000
[1 2 5 6 8 9] [3 4 7]
5.00000
[3 4 8] [1 2 5 6 7 9]
5.00000
[1 2 5 6 7 9] [3 4 8]
5.00000
[3 4 9] [1 2 5 6 7 8]
5.00000
[1 2 5 6 7 8] [3 4 9]
5.00000
[3 5 6] [1 2 4 7 8 9]
5.00000
[1 2 4 7 8 9] [3 5 6]
5.00000
[3 5 7] [1 2 4 6 8 9]
5.00000
[1 2 4 6 8 9] [3 5 7]
5.00000
[3 5 8] [1 2 4 6 7 9]
5.00000
[1 2 4 6 7 9] [3 5 8]
5.00000
[3 5 9] [1 2 4 6 7 8]
5.00000
[1 2 4 6 7 8] [3 5 9]
5.00000
[3 6 7] [1 2 4 5 8 9]
5.00000
[1 2 4 5 8 9] [3 6 7]
5.00000
[3 6 8] [1 2 4 5 7 9]
5.00000
[1 2 4 5 7 9] [3 6 8]
5.00000
[3 6 9] [1 2 4 5 7 8]
5.00000
[1 2 4 5 7 8] [3 6 9]
5.00000
[3 7 8] [1 2 4 5 6 9]
5.00000
[1 2 4 5 6 9] [3 7 8]
5.00000
[3 7 9] [1 2 4 5 6 8]
5.00000
[1 2 4 5 6 8] [3 7 9]
5.00000
[3 8 9] [1 2 4 5 6 7]
5.00000
[1 2 4 5 6 7] [3 8 9]
5.00000
[4 5 6] [1 2 3 7 8 9]
5.00000
[1 2 3 7 8 9] [4 5 6]
5.00000
[4 5 7] [1 2 3 6 8 9]
5.00000
[1 2 3 6 8 9] [4 5 7]
5.00000
[4 5 8] [1 2 3 6 7 9]
5.00000
[1 2 3 6 7 9] [4 5 8]
5.00000
[4 5 9] [1 2 3 6 7 8]
5.00000
[1 2 3 6 7 8] [4 5 9]
5.00000
[4 6 7] [1 2 3 5 8 9]
5.00000
[1 2 3 5 8 9] [4 6 7]
5.00000
[4 6 8] [1 2 3 5 7 9]
5.00000
[1 2 3 5 7 9] [4 6 8]
5.00000
[4 6 9] [1 2 3 5 7 8]
5.00000
[1 2 3 5 7 8] [4 6 9]
5.00000
[4 7 8] [1 2 3 5 6 9]
5.00000
[1 2 3 5 6 9] [4 7 8]
5.00000
[4 7 9] [1 2 3 5 6 8]
5.00000
[1 2 3 5 6 8] [4 7 9]
5.00000
[4 8 9] [1 2 3 5 6 7]
5.00000
[1 2 3 5 6 7] [4 8 9]
5.00000
[5 6 7] [1 2 3 4 8 9]
5.00000
[1 2 3 4 8 9] [5 6 7]
5.00000
[5 6 8] [1 2 3 4 7 9]
5.00000
[1 2 3 4 7 9] [5 6 8]
5.00000
[5 6 9] [1 2 3 4 7 8]
5.00000
[1 2 3 4 7 8] [5 6 9]
5.00000
[5 7 8] [1 2 3 4 6 9]
5.00000
[1 2 3 4 6 9] [5 7 8]
5.00000
[5 7 9] [1 2 3 4 6 8]
5.00000
[1 2 3 4 6 8] [5 7 9]
5.00000
[5 8 9] [1 2 3 4 6 7]
5.00000
[1 2 3 4 6 7] [5 8 9]
5.00000
[6 7 8] [1 2 3 4 5 9]
5.00000
[1 2 3 4 5 9] [6 7 8]
5.00000
[6 7 9] [1 2 3 4 5 8]
5.00000
[1 2 3 4 5 8] [6 7 9]
5.00000
[6 8 9] [1 2 3 4 5 7]
5.00000
[1 2 3 4 5 7] [6 8 9]
5.00000
[7 8 9] [1 2 3 4 5 6]
5.00000
[1 2 3 4 5 6] [7 8 9]
5.00000
[1 2 3 4] [5 6 7 8 9]
5.00000
[5 6 7 8 9] [1 2 3 4]
5.00000
[1 2 3 5] [4 6 7 8 9]
5.00000
[4 6 7 8 9] [1 2 3 5]
5.00000
[1 2 3 6] [4 5 7 8 9]
5.00000
[4 5 7 8 9] [1 2 3 6]
5.00000
[1 2 3 7] [4 5 6 8 9]
5.00000
[4 5 6 8 9] [1 2 3 7]
5.00000
[1 2 3 8] [4 5 6 7 9]
5.00000
[4 5 6 7 9] [1 2 3 8]
5.00000
[1 2 3 9] [4 5 6 7 8]
5.00000
[4 5 6 7 8] [1 2 3 9]
5.00000
[1 2 4 5] [3 6 7 8 9]
5.00000
[3 6 7 8 9] [1 2 4 5]
5.00000
[1 2 4 6] [3 5 7 8 9]
5.00000
[3 5 7 8 9] [1 2 4 6]
5.00000
[1 2 4 7] [3 5 6 8 9]
5.00000
[3 5 6 8 9] [1 2 4 7]
5.00000
[1 2 4 8] [3 5 6 7 9]
5.00000
[3 5 6 7 9] [1 2 4 8]
5.00000
[1 2 4 9] [3 5 6 7 8]
5.00000
[3 5 6 7 8] [1 2 4 9]
5.00000
[1 2 5 6] [3 4 7 8 9]
5.00000
[3 4 7 8 9] [1 2 5 6]
5.00000
[1 2 5 7] [3 4 6 8 9]
5.00000
[3 4 6 8 9] [1 2 5 7]
5.00000
[1 2 5 8] [3 4 6 7 9]
5.00000
[3 4 6 7 9] [1 2 5 8]
5.00000
[1 2 5 9] [3 4 6 7 8]
5.00000
[3 4 6 7 8] [1 2 5 9]
5.00000
[1 2 6 7] [3 4 5 8 9]
5.00000
[3 4 5 8 9] [1 2 6 7]
5.00000
[1 2 6 8] [3 4 5 7 9]
5.00000
[3 4 5 7 9] [1 2 6 8]
5.00000
[1 2 6 9] [3 4 5 7 8]
5.00000
[3 4 5 7 8] [1 2 6 9]
5.00000
[1 2 7 8] [3 4 5 6 9]
5.00000
[3 4 5 6 9] [1 2 7 8]
5.00000
[1 2 7 9] [3 4 5 6 8]
5.00000
[3 4 5 6 8] [1 2 7 9]
5.00000
[1 2 8 9] [3 4 5 6 7]
5.00000
[3 4 5 6 7] [1 2 8 9]
5.00000
[1 3 4 5] [2 6 7 8 9]
5.00000
[2 6 7 8 9] [1 3 4 5]
5.00000
[1 3 4 6] [2 5 7 8 9]
5.00000
[2 5 7 8 9] [1 3 4 6]
5.00000
[1 3 4 7] [2 5 6 8 9]
5.00000
[2 5 6 8 9] [1 3 4 7]
5.00000
[1 3 4 8] [2 5 6 7 9]
5.00000
[2 5 6 7 9] [1 3 4 8]
5.00000
[1 3 4 9] [2 5 6 7 8]
5.00000
[2 5 6 7 8] [1 3 4 9]
5.00000
[1 3 5 6] [2 4 7 8 9]
5.00000
[2 4 7 8 9] [1 3 5 6]
5.00000
[1 3 5 7] [2 4 6 8 9]
5.00000
[2 4 6 8 9] [1 3 5 7]
5.00000
[1 3 5 8] [2 4 6 7 9]
5.00000
[2 4 6 7 9] [1 3 5 8]
5.00000
[1 3 5 9] [2 4 6 7 8]
5.00000
[2 4 6 7 8] [1 3 5 9]
5.00000
[1 3 6 7] [2 4 5 8 9]
5.00000
[2 4 5 8 9] [1 3 6 7]
5.00000
[1 3 6 8] [2 4 5 7 9]
5.00000
[2 4 5 7 9] [1 3 6 8]
5.00000
[1 3 6 9] [2 4 5 7 8]
5.00000
[2 4 5 7 8] [1 3 6 9]
5.00000
[1 3 7 8] [2 4 5 6 9]
5.00000
[2 4 5 6 9] [1 3 7 8]
5.00000
[1 3 7 9] [2 4 5 6 8]
5.00000
[2 4 5 6 8] [1 3 7 9]
5.00000
[1 3 8 9] [2 4 5 6 7]
5.00000
[2 4 5 6 7] [1 3 8 9]
5.00000
[1 4 5 6] [2 3 7 8 9]
5.00000
[2 3 7 8 9] [1 4 5 6]
5.00000
[1 4 5 7] [2 3 6 8 9]
5.00000
[2 3 6 8 9] [1 4 5 7]
5.00000
[1 4 5 8] [2 3 6 7 9]
5.00000
[2 3 6 7 9] [1 4 5 8]
5.00000
[1 4 5 9] [2 3 6 7 8]
5.00000
[2 3 6 7 8] [1 4 5 9]
5.00000
[1 4 6 7] [2 3 5 8 9]
5.00000
[2 3 5 8 9] [1 4 6 7]
5.00000
[1 4 6 8] [2 3 5 7 9]
5.00000
[2 3 5 7 9] [1 4 6 8]
5.00000
[1 4 6 9] [2 3 5 7 8]
5.00000
[2 3 5 7 8] [1 4 6 9]
5.00000
[1 4 7 8] [2 3 5 6 9]
5.00000
[2 3 5 6 9] [1 4 7 8]
5.00000
[1 4 7 9] [2 3 5 6 8]
5.00000
[2 3 5 6 8] [1 4 7 9]
5.00000
[1 4 8 9] [2 3 5 6 7]
5.00000
[2 3 5 6 7] [1 4 8 9]
5.00000
[1 5 6 7] [2 3 4 8 9]
5.00000
[2 3 4 8 9] [1 5 6 7]
5.00000
[1 5 6 8] [2 3 4 7 9]
5.00000
[2 3 4 7 9] [1 5 6 8]
5.00000
[1 5 6 9] [2 3 4 7 8]
5.00000
[2 3 4 7 8] [1 5 6 9]
5.00000
[1 5 7 8] [2 3 4 6 9]
5.00000
[2 3 4 6 9] [1 5 7 8]
5.00000
[1 5 7 9] [2 3 4 6 8]
5.00000
[2 3 4 6 8] [1 5 7 9]
5.00000
[1 5 8 9] [2 3 4 6 7]
5.00000
[2 3 4 6 7] [1 5 8 9]
5.00000
[1 6 7 8] [2 3 4 5 9]
5.00000
[2 3 4 5 9] [1 6 7 8]
5.00000
[1 6 7 9] [2 3 4 5 8]
5.00000
[2 3 4 5 8] [1 6 7 9]
5.00000
[1 6 8 9] [2 3 4 5 7]
5.00000
[2 3 4 5 7] [1 6 8 9]
5.00000
[1 7 8 9] [2 3 4 5 6]
5.00000
[2 3 4 5 6] [1 7 8 9]
5.00000
[2 3 4 5] [1 6 7 8 9]
5.00000
[1 6 7 8 9] [2 3 4 5]
5.00000
[2 3 4 6] [1 5 7 8 9]
5.00000
[1 5 7 8 9] [2 3 4 6]
5.00000
[2 3 4 7] [1 5 6 8 9]
5.00000
[1 5 6 8 9] [2 3 4 7]
5.00000
[2 3 4 8] [1 5 6 7 9]
5.00000
[1 5 6 7 9] [2 3 4 8]
5.00000
[2 3 4 9] [1 5 6 7 8]
5.00000
[1 5 6 7 8] [2 3 4 9]
5.00000
[2 3 5 6] [1 4 7 8 9]
5.00000
[1 4 7 8 9] [2 3 5 6]
5.00000
[2 3 5 7] [1 4 6 8 9]
5.00000
[1 4 6 8 9] [2 3 5 7]
5.00000
[2 3 5 8] [1 4 6 7 9]
5.00000
[1 4 6 7 9] [2 3 5 8]
5.00000
[2 3 5 9] [1 4 6 7 8]
5.00000
[1 4 6 7 8] [2 3 5 9]
5.00000
[2 3 6 7] [1 4 5 8 9]
5.00000
[1 4 5 8 9] [2 3 6 7]
5.00000
[2 3 6 8] [1 4 5 7 9]
5.00000
[1 4 5 7 9] [2 3 6 8]
5.00000
[2 3 6 9] [1 4 5 7 8]
5.00000
[1 4 5 7 8] [2 3 6 9]
5.00000
[2 3 7 8] [1 4 5 6 9]
5.00000
[1 4 5 6 9] [2 3 7 8]
5.00000
[2 3 7 9] [1 4 5 6 8]
5.00000
[1 4 5 6 8] [2 3 7 9]
5.00000
[2 3 8 9] [1 4 5 6 7]
5.00000
[1 4 5 6 7] [2 3 8 9]
5.00000
[2 4 5 6] [1 3 7 8 9]
5.00000
[1 3 7 8 9] [2 4 5 6]
5.00000
[2 4 5 7] [1 3 6 8 9]
5.00000
[1 3 6 8 9] [2 4 5 7]
5.00000
[2 4 5 8] [1 3 6 7 9]
5.00000
[1 3 6 7 9] [2 4 5 8]
5.00000
[2 4 5 9] [1 3 6 7 8]
5.00000
[1 3 6 7 8] [2 4 5 9]
5.00000
[2 4 6 7] [1 3 5 8 9]
5.00000
[1 3 5 8 9] [2 4 6 7]
5.00000
[2 4 6 8] [1 3 5 7 9]
5.00000
[1 3 5 7 9] [2 4 6 8]
5.00000
[2 4 6 9] [1 3 5 7 8]
5.00000
[1 3 5 7 8] [2 4 6 9]
5.00000
[2 4 7 8] [1 3 5 6 9]
5.00000
[1 3 5 6 9] [2 4 7 8]
5.00000
[2 4 7 9] [1 3 5 6 8]
5.00000
[1 3 5 6 8] [2 4 7 9]
5.00000
[2 4 8 9] [1 3 5 6 7]
5.00000
[1 3 5 6 7] [2 4 8 9]
5.00000
[2 5 6 7] [1 3 4 8 9]
5.00000
[1 3 4 8 9] [2 5 6 7]
5.00000
[2 5 6 8] [1 3 4 7 9]
5.00000
[1 3 4 7 9] [2 5 6 8]
5.00000
[2 5 6 9] [1 3 4 7 8]
5.00000
[1 3 4 7 8] [2 5 6 9]
5.00000
[2 5 7 8] [1 3 4 6 9]
5.00000
[1 3 4 6 9] [2 5 7 8]
5.00000
[2 5 7 9] [1 3 4 6 8]
5.00000
[1 3 4 6 8] [2 5 7 9]
5.00000
[2 5 8 9] [1 3 4 6 7]
5.00000
[1 3 4 6 7] [2 5 8 9]
5.00000
[2 6 7 8] [1 3 4 5 9]
5.00000
[1 3 4 5 9] [2 6 7 8]
5.00000
[2 6 7 9] [1 3 4 5 8]
5.00000
[1 3 4 5 8] [2 6 7 9]
5.00000
[2 6 8 9] [1 3 4 5 7]
5.00000
[1 3 4 5 7] [2 6 8 9]
5.00000
[2 7 8 9] [1 3 4 5 6]
5.00000
[1 3 4 5 6] [2 7 8 9]
5.00000
[3 4 5 6] [1 2 7 8 9]
5.00000
[1 2 7 8 9] [3 4 5 6]
5.00000
[3 4 5 7] [1 2 6 8 9]
5.00000
[1 2 6 8 9] [3 4 5 7]
5.00000
[3 4 5 8] [1 2 6 7 9]
5.00000
[1 2 6 7 9] [3 4 5 8]
5.00000
[3 4 5 9] [1 2 6 7 8]
5.00000
[1 2 6 7 8] [3 4 5 9]
5.00000
[3 4 6 7] [1 2 5 8 9]
5.00000
[1 2 5 8 9] [3 4 6 7]
5.00000
[3 4 6 8] [1 2 5 7 9]
5.00000
[1 2 5 7 9] [3 4 6 8]
5.00000
[3 4 6 9] [1 2 5 7 8]
5.00000
[1 2 5 7 8] [3 4 6 9]
5.00000
[3 4 7 8] [1 2 5 6 9]
5.00000
[1 2 5 6 9] [3 4 7 8]
5.00000
[3 4 7 9] [1 2 5 6 8]
5.00000
[1 2 5 6 8] [3 4 7 9]
5.00000
[3 4 8 9] [1 2 5 6 7]
5.00000
[1 2 5 6 7] [3 4 8 9]
5.00000
[3 5 6 7] [1 2 4 8 9]
5.00000
[1 2 4 8 9] [3 5 6 7]
5.00000
[3 5 6 8] [1 2 4 7 9]
5.00000
[1 2 4 7 9] [3 5 6 8]
5.00000
[3 5 6 9] [1 2 4 7 8]
5.00000
[1 2 4 7 8] [3 5 6 9]
5.00000
[3 5 7 8] [1 2 4 6 9]
5.00000
[1 2 4 6 9] [3 5 7 8]
5.00000
[3 5 7 9] [1 2 4 6 8]
5.00000
[1 2 4 6 8] [3 5 7 9]
5.00000
[3 5 8 9] [1 2 4 6 7]
5.00000
[1 2 4 6 7] [3 5 8 9]
5.00000
[3 6 7 8] [1 2 4 5 9]
5.00000
[1 2 4 5 9] [3 6 7 8]
5.00000
[3 6 7 9] [1 2 4 5 8]
5.00000
[1 2 4 5 8] [3 6 7 9]
5.00000
[3 6 8 9] [1 2 4 5 7]
5.00000
[1 2 4 5 7] [3 6 8 9]
5.00000
[3 7 8 9] [1 2 4 5 6]
5.00000
[1 2 4 5 6] [3 7 8 9]
5.00000
[4 5 6 7] [1 2 3 8 9]
5.00000
[1 2 3 8 9] [4 5 6 7]
5.00000
[4 5 6 8] [1 2 3 7 9]
5.00000
[1 2 3 7 9] [4 5 6 8]
5.00000
[4 5 6 9] [1 2 3 7 8]
5.00000
[1 2 3 7 8] [4 5 6 9]
5.00000
[4 5 7 8] [1 2 3 6 9]
5.00000
[1 2 3 6 9] [4 5 7 8]
5.00000
[4 5 7 9] [1 2 3 6 8]
5.00000
[1 2 3 6 8] [4 5 7 9]
5.00000
[4 5 8 9] [1 2 3 6 7]
5.00000
[1 2 3 6 7] [4 5 8 9]
5.00000
[4 6 7 8] [1 2 3 5 9]
5.00000
[1 2 3 5 9] [4 6 7 8]
5.00000
[4 6 7 9] [1 2 3 5 8]
5.00000
[1 2 3 5 8] [4 6 7 9]
5.00000
[4 6 8 9] [1 2 3 5 7]
5.00000
[1 2 3 5 7] [4 6 8 9]
5.00000
[4 7 8 9] [1 2 3 5 6]
5.00000
[1 2 3 5 6] [4 7 8 9]
5.00000
[5 6 7 8] [1 2 3 4 9]
5.00000
[1 2 3 4 9] [5 6 7 8]
5.00000
[5 6 7 9] [1 2 3 4 8]
5.00000
[1 2 3 4 8] [5 6 7 9]
5.00000
[5 6 8 9] [1 2 3 4 7]
5.00000
[1 2 3 4 7] [5 6 8 9]
5.00000
[5 7 8 9] [1 2 3 4 6]
5.00000
[1 2 3 4 6] [5 7 8 9]
5.00000
[6 7 8 9] [1 2 3 4 5]
5.00000
[1 2 3 4 5] [6 7 8 9]
5.00000
[1] [2 3 4 5 6 7 8 9 10]
5.50000
[2 3 4 5 6 7 8 9 10] [1]
5.50000
[2] [1 3 4 5 6 7 8 9 10]
5.50000
[1 3 4 5 6 7 8 9 10] [2]
5.50000
[3] [1 2 4 5 6 7 8 9 10]
5.50000
[1 2 4 5 6 7 8 9 10] [3]
5.50000
[4] [1 2 3 5 6 7 8 9 10]
5.50000
[1 2 3 5 6 7 8 9 10] [4]
5.50000
[5] [1 2 3 4 6 7 8 9 10]
5.50000
[1 2 3 4 6 7 8 9 10] [5]
5.50000
[6] [1 2 3 4 5 7 8 9 10]
5.50000
[1 2 3 4 5 7 8 9 10] [6]
5.50000
[7] [1 2 3 4 5 6 8 9 10]
5.50000
[1 2 3 4 5 6 8 9 10] [7]
5.50000
[8] [1 2 3 4 5 6 7 9 10]
5.50000
[1 2 3 4 5 6 7 9 10] [8]
5.50000
[9] [1 2 3 4 5 6 7 8 10]
5.50000
[1 2 3 4 5 6 7 8 10] [9]
5.50000
[10] [1 2 3 4 5 6 7 8 9]
5.50000
[1 2 3 4 5 6 7 8 9] [10]
5.50000
[1 2] [3 4 5 6 7 8 9 10]
5.50000
[3 4 5 6 7 8 9 10] [1 2]
5.50000
[1 3] [2 4 5 6 7 8 9 10]
5.50000
[2 4 5 6 7 8 9 10] [1 3]
5.50000
[1 4] [2 3 5 6 7 8 9 10]
5.50000
[2 3 5 6 7 8 9 10] [1 4]
5.50000
[1 5] [2 3 4 6 7 8 9 10]
5.50000
[2 3 4 6 7 8 9 10] [1 5]
5.50000
[1 6] [2 3 4 5 7 8 9 10]
5.50000
[2 3 4 5 7 8 9 10] [1 6]
5.50000
[1 7] [2 3 4 5 6 8 9 10]
5.50000
[2 3 4 5 6 8 9 10] [1 7]
5.50000
[1 8] [2 3 4 5 6 7 9 10]
5.50000
[2 3 4 5 6 7 9 10] [1 8]
5.50000
[1 9] [2 3 4 5 6 7 8 10]
5.50000
[2 3 4 5 6 7 8 10] [1 9]
5.50000
[1 10] [2 3 4 5 6 7 8 9]
5.50000
[2 3 4 5 6 7 8 9] [1 10]
5.50000
[2 3] [1 4 5 6 7 8 9 10]
5.50000
[1 4 5 6 7 8 9 10] [2 3]
5.50000
[2 4] [1 3 5 6 7 8 9 10]
5.50000
[1 3 5 6 7 8 9 10] [2 4]
5.50000
[2 5] [1 3 4 6 7 8 9 10]
5.50000
[1 3 4 6 7 8 9 10] [2 5]
5.50000
[2 6] [1 3 4 5 7 8 9 10]
5.50000
[1 3 4 5 7 8 9 10] [2 6]
5.50000
[2 7] [1 3 4 5 6 8 9 10]
5.50000
[1 3 4 5 6 8 9 10] [2 7]
5.50000
[2 8] [1 3 4 5 6 7 9 10]
5.50000
[1 3 4 5 6 7 9 10] [2 8]
5.50000
[2 9] [1 3 4 5 6 7 8 10]
5.50000
[1 3 4 5 6 7 8 10] [2 9]
5.50000
[2 10] [1 3 4 5 6 7 8 9]
5.50000
[1 3 4 5 6 7 8 9] [2 10]
5.50000
[3 4] [1 2 5 6 7 8 9 10]
5.50000
[1 2 5 6 7 8 9 10] [3 4]
5.50000
[3 5] [1 2 4 6 7 8 9 10]
5.50000
[1 2 4 6 7 8 9 10] [3 5]
5.50000
[3 6] [1 2 4 5 7 8 9 10]
5.50000
[1 2 4 5 7 8 9 10] [3 6]
5.50000
[3 7] [1 2 4 5 6 8 9 10]
5.50000
[1 2 4 5 6 8 9 10] [3 7]
5.50000
[3 8] [1 2 4 5 6 7 9 10]
5.50000
[1 2 4 5 6 7 9 10] [3 8]
5.50000
[3 9] [1 2 4 5 6 7 8 10]
5.50000
[1 2 4 5 6 7 8 10] [3 9]
5.50000
[3 10] [1 2 4 5 6 7 8 9]
5.50000
[1 2 4 5 6 7 8 9] [3 10]
5.50000
[4 5] [1 2 3 6 7 8 9 10]
5.50000
[1 2 3 6 7 8 9 10] [4 5]
5.50000
[4 6] [1 2 3 5 7 8 9 10]
5.50000
[1 2 3 5 7 8 9 10] [4 6]
5.50000
[4 7] [1 2 3 5 6 8 9 10]
5.50000
[1 2 3 5 6 8 9 10] [4 7]
5.50000
[4 8] [1 2 3 5 6 7 9 10]
5.50000
[1 2 3 5 6 7 9 10] [4 8]
5.50000
[4 9] [1 2 3 5 6 7 8 10]
5.50000
[1 2 3 5 6 7 8 10] [4 9]
5.50000
[4 10] [1 2 3 5 6 7 8 9]
5.50000
[1 2 3 5 6 7 8 9] [4 10]
5.50000
[5 6] [1 2 3 4 7 8 9 10]
5.50000
[1 2 3 4 7 8 9 10] [5 6]
5.50000
[5 7] [1 2 3 4 6 8 9 10]
5.50000
[1 2 3 4 6 8 9 10] [5 7]
5.50000
[5 8] [1 2 3 4 6 7 9 10]
5.50000
[1 2 3 4 6 7 9 10] [5 8]
5.50000
[5 9] [1 2 3 4 6 7 8 10]
5.50000
[1 2 3 4 6 7 8 10] [5 9]
5.50000
[5 10] [1 2 3 4 6 7 8 9]
5.50000
[1 2 3 4 6 7 8 9] [5 10]
5.50000
[6 7] [1 2 3 4 5 8 9 10]
5.50000
[1 2 3 4 5 8 9 10] [6 7]
5.50000
[6 8] [1 2 3 4 5 7 9 10]
5.50000
[1 2 3 4 5 7 9 10] [6 8]
5.50000
[6 9] [1 2 3 4 5 7 8 10]
5.50000
[1 2 3 4 5 7 8 10] [6 9]
5.50000
[6 10] [1 2 3 4 5 7 8 9]
5.50000
[1 2 3 4 5 7 8 9] [6 10]
5.50000
[7 8] [1 2 3 4 5 6 9 10]
5.50000
[1 2 3 4 5 6 9 10] [7 8]
5.50000
[7 9] [1 2 3 4 5 6 8 10]
5.50000
[1 2 3 4 5 6 8 10] [7 9]
5.50000
[7 10] [1 2 3 4 5 6 8 9]
5.50000
[1 2 3 4 5 6 8 9] [7 10]
5.50000
[8 9] [1 2 3 4 5 6 7 10]
5.50000
[1 2 3 4 5 6 7 10] [8 9]
5.50000
[8 10] [1 2 3 4 5 6 7 9]
5.50000
[1 2 3 4 5 6 7 9] [8 10]
5.50000
[9 10] [1 2 3 4 5 6 7 8]
5.50000
[1 2 3 4 5 6 7 8] [9 10]
5.50000
[1 2 3] [4 5 6 7 8 9 10]
5.50000
[4 5 6 7 8 9 10] [1 2 3]
5.50000
[1 2 4] [3 5 6 7 8 9 10]
5.50000
[3 5 6 7 8 9 10] [1 2 4]
5.50000
[1 2 5] [3 4 6 7 8 9 10]
5.50000
[3 4 6 7 8 9 10] [1 2 5]
5.50000
[1 2 6] [3 4 5 7 8 9 10]
5.50000
[3 4 5 7 8 9 10] [1 2 6]
5.50000
[1 2 7] [3 4 5 6 8 9 10]
5.50000
[3 4 5 6 8 9 10] [1 2 7]
5.50000
[1 2 8] [3 4 5 6 7 9 10]
5.50000
[3 4 5 6 7 9 10] [1 2 8]
5.50000
[1 2 9] [3 4 5 6 7 8 10]
5.50000
[3 4 5 6 7 8 10] [1 2 9]
5.50000
[1 2 10] [3 4 5 6 7 8 9]
5.50000
[3 4 5 6 7 8 9] [1 2 10]
5.50000
[1 3 4] [2 5 6 7 8 9 10]
5.50000
[2 5 6 7 8 9 10] [1 3 4]
5.50000
[1 3 5] [2 4 6 7 8 9 10]
5.50000
[2 4 6 7 8 9 10] [1 3 5]
5.50000
[1 3 6] [2 4 5 7 8 9 10]
5.50000
[2 4 5 7 8 9 10] [1 3 6]
5.50000
[1 3 7] [2 4 5 6 8 9 10]
5.50000
[2 4 5 6 8 9 10] [1 3 7]
5.50000
[1 3 8] [2 4 5 6 7 9 10]
5.50000
[2 4 5 6 7 9 10] [1 3 8]
5.50000
[1 3 9] [2 4 5 6 7 8 10]
5.50000
[2 4 5 6 7 8 10] [1 3 9]
5.50000
[1 3 10] [2 4 5 6 7 8 9]
5.50000
[2 4 5 6 7 8 9] [1 3 10]
5.50000
[1 4 5] [2 3 6 7 8 9 10]
5.50000
[2 3 6 7 8 9 10] [1 4 5]
5.50000
[1 4 6] [2 3 5 7 8 9 10]
5.50000
[2 3 5 7 8 9 10] [1 4 6]
5.50000
[1 4 7] [2 3 5 6 8 9 10]
5.50000
[2 3 5 6 8 9 10] [1 4 7]
5.50000
[1 4 8] [2 3 5 6 7 9 10]
5.50000
[2 3 5 6 7 9 10] [1 4 8]
5.50000
[1 4 9] [2 3 5 6 7 8 10]
5.50000
[2 3 5 6 7 8 10] [1 4 9]
5.50000
[1 4 10] [2 3 5 6 7 8 9]
5.50000
[2 3 5 6 7 8 9] [1 4 10]
5.50000
[1 5 6] [2 3 4 7 8 9 10]
5.50000
[2 3 4 7 8 9 10] [1 5 6]
5.50000
[1 5 7] [2 3 4 6 8 9 10]
5.50000
[2 3 4 6 8 9 10] [1 5 7]
5.50000
[1 5 8] [2 3 4 6 7 9 10]
5.50000
[2 3 4 6 7 9 10] [1 5 8]
5.50000
[1 5 9] [2 3 4 6 7 8 10]
5.50000
[2 3 4 6 7 8 10] [1 5 9]
5.50000
[1 5 10] [2 3 4 6 7 8 9]
5.50000
[2 3 4 6 7 8 9] [1 5 10]
5.50000
[1 6 7] [2 3 4 5 8 9 10]
5.50000
[2 3 4 5 8 9 10] [1 6 7]
5.50000
[1 6 8] [2 3 4 5 7 9 10]
5.50000
[2 3 4 5 7 9 10] [1 6 8]
5.50000
[1 6 9] [2 3 4 5 7 8 10]
5.50000
[2 3 4 5 7 8 10] [1 6 9]
5.50000
[1 6 10] [2 3 4 5 7 8 9]
5.50000
[2 3 4 5 7 8 9] [1 6 10]
5.50000
[1 7 8] [2 3 4 5 6 9 10]
5.50000
[2 3 4 5 6 9 10] [1 7 8]
5.50000
[1 7 9] [2 3 4 5 6 8 10]
5.50000
[2 3 4 5 6 8 10] [1 7 9]
5.50000
[1 7 10] [2 3 4 5 6 8 9]
5.50000
[2 3 4 5 6 8 9] [1 7 10]
5.50000
[1 8 9] [2 3 4 5 6 7 10]
5.50000
[2 3 4 5 6 7 10] [1 8 9]
5.50000
[1 8 10] [2 3 4 5 6 7 9]
5.50000
[2 3 4 5 6 7 9] [1 8 10]
5.50000
[1 9 10] [2 3 4 5 6 7 8]
5.50000
[2 3 4 5 6 7 8] [1 9 10]
5.50000
[2 3 4] [1 5 6 7 8 9 10]
5.50000
[1 5 6 7 8 9 10] [2 3 4]
5.50000
[2 3 5] [1 4 6 7 8 9 10]
5.50000
[1 4 6 7 8 9 10] [2 3 5]
5.50000
[2 3 6] [1 4 5 7 8 9 10]
5.50000
[1 4 5 7 8 9 10] [2 3 6]
5.50000
[2 3 7] [1 4 5 6 8 9 10]
5.50000
[1 4 5 6 8 9 10] [2 3 7]
5.50000
[2 3 8] [1 4 5 6 7 9 10]
5.50000
[1 4 5 6 7 9 10] [2 3 8]
5.50000
[2 3 9] [1 4 5 6 7 8 10]
5.50000
[1 4 5 6 7 8 10] [2 3 9]
5.50000
[2 3 10] [1 4 5 6 7 8 9]
5.50000
[1 4 5 6 7 8 9] [2 3 10]
5.50000
[2 4 5] [1 3 6 7 8 9 10]
5.50000
[1 3 6 7 8 9 10] [2 4 5]
5.50000
[2 4 6] [1 3 5 7 8 9 10]
5.50000
[1 3 5 7 8 9 10] [2 4 6]
5.50000
[2 4 7] [1 3 5 6 8 9 10]
5.50000
[1 3 5 6 8 9 10] [2 4 7]
5.50000
[2 4 8] [1 3 5 6 7 9 10]
5.50000
[1 3 5 6 7 9 10] [2 4 8]
5.50000
[2 4 9] [1 3 5 6 7 8 10]
5.50000
[1 3 5 6 7 8 10] [2 4 9]
5.50000
[2 4 10] [1 3 5 6 7 8 9]
5.50000
[1 3 5 6 7 8 9] [2 4 10]
5.50000
[2 5 6] [1 3 4 7 8 9 10]
5.50000
[1 3 4 7 8 9 10] [2 5 6]
5.50000
[2 5 7] [1 3 4 6 8 9 10]
5.50000
[1 3 4 6 8 9 10] [2 5 7]
5.50000
[2 5 8] [1 3 4 6 7 9 10]
5.50000
[1 3 4 6 7 9 10] [2 5 8]
5.50000
[2 5 9] [1 3 4 6 7 8 10]
5.50000
[1 3 4 6 7 8 10] [2 5 9]
5.50000
[2 5 10] [1 3 4 6 7 8 9]
5.50000
[1 3 4 6 7 8 9] [2 5 10]
5.50000
[2 6 7] [1 3 4 5 8 9 10]
5.50000
[1 3 4 5 8 9 10] [2 6 7]
5.50000
[2 6 8] [1 3 4 5 7 9 10]
5.50000
[1 3 4 5 7 9 10] [2 6 8]
5.50000
[2 6 9] [1 3 4 5 7 8 10]
5.50000
[1 3 4 5 7 8 10] [2 6 9]
5.50000
[2 6 10] [1 3 4 5 7 8 9]
5.50000
[1 3 4 5 7 8 9] [2 6 10]
5.50000
[2 7 8] [1 3 4 5 6 9 10]
5.50000
[1 3 4 5 6 9 10] [2 7 8]
5.50000
[2 7 9] [1 3 4 5 6 8 10]
5.50000
[1 3 4 5 6 8 10] [2 7 9]
5.50000
[2 7 10] [1 3 4 5 6 8 9]
5.50000
[1 3 4 5 6 8 9] [2 7 10]
5.50000
[2 8 9] [1 3 4 5 6 7 10]
5.50000
[1 3 4 5 6 7 10] [2 8 9]
5.50000
[2 8 10] [1 3 4 5 6 7 9]
5.50000
[1 3 4 5 6 7 9] [2 8 10]
5.50000
[2 9 10] [1 3 4 5 6 7 8]
5.50000
[1 3 4 5 6 7 8] [2 9 10]
5.50000
[3 4 5] [1 2 6 7 8 9 10]
5.50000
[1 2 6 7 8 9 10] [3 4 5]
5.50000
[3 4 6] [1 2 5 7 8 9 10]
5.50000
[1 2 5 7 8 9 10] [3 4 6]
5.50000
[3 4 7] [1 2 5 6 8 9 10]
5.50000
[1 2 5 6 8 9 10] [3 4 7]
5.50000
[3 4 8] [1 2 5 6 7 9 10]
5.50000
[1 2 5 6 7 9 10] [3 4 8]
5.50000
[3 4 9] [1 2 5 6 7 8 10]
5.50000
[1 2 5 6 7 8 10] [3 4 9]
5.50000
[3 4 10] [1 2 5 6 7 8 9]
5.50000
[1 2 5 6 7 8 9] [3 4 10]
5.50000
[3 5 6] [1 2 4 7 8 9 10]
5.50000
[1 2 4 7 8 9 10] [3 5 6]
5.50000
[3 5 7] [1 2 4 6 8 9 10]
5.50000
[1 2 4 6 8 9 10] [3 5 7]
5.50000
[3 5 8] [1 2 4 6 7 9 10]
5.50000
[1 2 4 6 7 9 10] [3 5 8]
5.50000
[3 5 9] [1 2 4 6 7 8 10]
5.50000
[1 2 4 6 7 8 10] [3 5 9]
5.50000
[3 5 10] [1 2 4 6 7 8 9]
5.50000
[1 2 4 6 7 8 9] [3 5 10]
5.50000
[3 6 7] [1 2 4 5 8 9 10]
5.50000
[1 2 4 5 8 9 10] [3 6 7]
5.50000
[3 6 8] [1 2 4 5 7 9 10]
5.50000
[1 2 4 5 7 9 10] [3 6 8]
5.50000
[3 6 9] [1 2 4 5 7 8 10]
5.50000
[1 2 4 5 7 8 10] [3 6 9]
5.50000
[3 6 10] [1 2 4 5 7 8 9]
5.50000
[1 2 4 5 7 8 9] [3 6 10]
5.50000
[3 7 8] [1 2 4 5 6 9 10]
5.50000
[1 2 4 5 6 9 10] [3 7 8]
5.50000
[3 7 9] [1 2 4 5 6 8 10]
5.50000
[1 2 4 5 6 8 10] [3 7 9]
5.50000
[3 7 10] [1 2 4 5 6 8 9]
5.50000
[1 2 4 5 6 8 9] [3 7 10]
5.50000
[3 8 9] [1 2 4 5 6 7 10]
5.50000
[1 2 4 5 6 7 10] [3 8 9]
5.50000
[3 8 10] [1 2 4 5 6 7 9]
5.50000
[1 2 4 5 6 7 9] [3 8 10]
5.50000
[3 9 10] [1 2 4 5 6 7 8]
5.50000
[1 2 4 5 6 7 8] [3 9 10]
5.50000
[4 5 6] [1 2 3 7 8 9 10]
5.50000
[1 2 3 7 8 9 10] [4 5 6]
5.50000
[4 5 7] [1 2 3 6 8 9 10]
5.50000
[1 2 3 6 8 9 10] [4 5 7]
5.50000
[4 5 8] [1 2 3 6 7 9 10]
5.50000
[1 2 3 6 7 9 10] [4 5 8]
5.50000
[4 5 9] [1 2 3 6 7 8 10]
5.50000
[1 2 3 6 7 8 10] [4 5 9]
5.50000
[4 5 10] [1 2 3 6 7 8 9]
5.50000
[1 2 3 6 7 8 9] [4 5 10]
5.50000
[4 6 7] [1 2 3 5 8 9 10]
5.50000
[1 2 3 5 8 9 10] [4 6 7]
5.50000
[4 6 8] [1 2 3 5 7 9 10]
5.50000
[1 2 3 5 7 9 10] [4 6 8]
5.50000
[4 6 9] [1 2 3 5 7 8 10]
5.50000
[1 2 3 5 7 8 10] [4 6 9]
5.50000
[4 6 10] [1 2 3 5 7 8 9]
5.50000
[1 2 3 5 7 8 9] [4 6 10]
5.50000
[4 7 8] [1 2 3 5 6 9 10]
5.50000
[1 2 3 5 6 9 10] [4 7 8]
5.50000
[4 7 9] [1 2 3 5 6 8 10]
5.50000
[1 2 3 5 6 8 10] [4 7 9]
5.50000
[4 7 10] [1 2 3 5 6 8 9]
5.50000
[1 2 3 5 6 8 9] [4 7 10]
5.50000
[4 8 9] [1 2 3 5 6 7 10]
5.50000
[1 2 3 5 6 7 10] [4 8 9]
5.50000
[4 8 10] [1 2 3 5 6 7 9]
5.50000
[1 2 3 5 6 7 9] [4 8 10]
5.50000
[4 9 10] [1 2 3 5 6 7 8]
5.50000
[1 2 3 5 6 7 8] [4 9 10]
5.50000
[5 6 7] [1 2 3 4 8 9 10]
5.50000
[1 2 3 4 8 9 10] [5 6 7]
5.50000
[5 6 8] [1 2 3 4 7 9 10]
5.50000
[1 2 3 4 7 9 10] [5 6 8]
5.50000
[5 6 9] [1 2 3 4 7 8 10]
5.50000
[1 2 3 4 7 8 10] [5 6 9]
5.50000
[5 6 10] [1 2 3 4 7 8 9]
5.50000
[1 2 3 4 7 8 9] [5 6 10]
5.50000
[5 7 8] [1 2 3 4 6 9 10]
5.50000
[1 2 3 4 6 9 10] [5 7 8]
5.50000
[5 7 9] [1 2 3 4 6 8 10]
5.50000
[1 2 3 4 6 8 10] [5 7 9]
5.50000
[5 7 10] [1 2 3 4 6 8 9]
5.50000
[1 2 3 4 6 8 9] [5 7 10]
5.50000
[5 8 9] [1 2 3 4 6 7 10]
5.50000
[1 2 3 4 6 7 10] [5 8 9]
5.50000
[5 8 10] [1 2 3 4 6 7 9]
5.50000
[1 2 3 4 6 7 9] [5 8 10]
5.50000
[5 9 10] [1 2 3 4 6 7 8]
5.50000
[1 2 3 4 6 7 8] [5 9 10]
5.50000
[6 7 8] [1 2 3 4 5 9 10]
5.50000
[1 2 3 4 5 9 10] [6 7 8]
5.50000
[6 7 9] [1 2 3 4 5 8 10]
5.50000
[1 2 3 4 5 8 10] [6 7 9]
5.50000
[6 7 10] [1 2 3 4 5 8 9]
5.50000
[1 2 3 4 5 8 9] [6 7 10]
5.50000
[6 8 9] [1 2 3 4 5 7 10]
5.50000
[1 2 3 4 5 7 10] [6 8 9]
5.50000
[6 8 10] [1 2 3 4 5 7 9]
5.50000
[1 2 3 4 5 7 9] [6 8 10]
5.50000
[6 9 10] [1 2 3 4 5 7 8]
5.50000
[1 2 3 4 5 7 8] [6 9 10]
5.50000
[7 8 9] [1 2 3 4 5 6 10]
5.50000
[1 2 3 4 5 6 10] [7 8 9]
5.50000
[7 8 10] [1 2 3 4 5 6 9]
5.50000
[1 2 3 4 5 6 9] [7 8 10]
5.50000
[7 9 10] [1 2 3 4 5 6 8]
5.50000
[1 2 3 4 5 6 8] [7 9 10]
5.50000
[8 9 10] [1 2 3 4 5 6 7]
5.50000
[1 2 3 4 5 6 7] [8 9 10]
5.50000
[1 2 3 4] [5 6 7 8 9 10]
5.50000
[5 6 7 8 9 10] [1 2 3 4]
5.50000
[1 2 3 5] [4 6 7 8 9 10]
5.50000
[4 6 7 8 9 10] [1 2 3 5]
5.50000
[1 2 3 6] [4 5 7 8 9 10]
5.50000
[4 5 7 8 9 10] [1 2 3 6]
5.50000
[1 2 3 7] [4 5 6 8 9 10]
5.50000
[4 5 6 8 9 10] [1 2 3 7]
5.50000
[1 2 3 8] [4 5 6 7 9 10]
5.50000
[4 5 6 7 9 10] [1 2 3 8]
5.50000
[1 2 3 9] [4 5 6 7 8 10]
5.50000
[4 5 6 7 8 10] [1 2 3 9]
5.50000
[1 2 3 10] [4 5 6 7 8 9]
5.50000
[4 5 6 7 8 9] [1 2 3 10]
5.50000
[1 2 4 5] [3 6 7 8 9 10]
5.50000
[3 6 7 8 9 10] [1 2 4 5]
5.50000
[1 2 4 6] [3 5 7 8 9 10]
5.50000
[3 5 7 8 9 10] [1 2 4 6]
5.50000
[1 2 4 7] [3 5 6 8 9 10]
5.50000
[3 5 6 8 9 10] [1 2 4 7]
5.50000
[1 2 4 8] [3 5 6 7 9 10]
5.50000
[3 5 6 7 9 10] [1 2 4 8]
5.50000
[1 2 4 9] [3 5 6 7 8 10]
5.50000
[3 5 6 7 8 10] [1 2 4 9]
5.50000
[1 2 4 10] [3 5 6 7 8 9]
5.50000
[3 5 6 7 8 9] [1 2 4 10]
5.50000
[1 2 5 6] [3 4 7 8 9 10]
5.50000
[3 4 7 8 9 10] [1 2 5 6]
5.50000
[1 2 5 7] [3 4 6 8 9 10]
5.50000
[3 4 6 8 9 10] [1 2 5 7]
5.50000
[1 2 5 8] [3 4 6 7 9 10]
5.50000
[3 4 6 7 9 10] [1 2 5 8]
5.50000
[1 2 5 9] [3 4 6 7 8 10]
5.50000
[3 4 6 7 8 10] [1 2 5 9]
5.50000
[1 2 5 10] [3 4 6 7 8 9]
5.50000
[3 4 6 7 8 9] [1 2 5 10]
5.50000
[1 2 6 7] [3 4 5 8 9 10]
5.50000
[3 4 5 8 9 10] [1 2 6 7]
5.50000
[1 2 6 8] [3 4 5 7 9 10]
5.50000
[3 4 5 7 9 10] [1 2 6 8]
5.50000
[1 2 6 9] [3 4 5 7 8 10]
5.50000
[3 4 5 7 8 10] [1 2 6 9]
5.50000
[1 2 6 10] [3 4 5 7 8 9]
5.50000
[3 4 5 7 8 9] [1 2 6 10]
5.50000
[1 2 7 8] [3 4 5 6 9 10]
5.50000
[3 4 5 6 9 10] [1 2 7 8]
5.50000
[1 2 7 9] [3 4 5 6 8 10]
5.50000
[3 4 5 6 8 10] [1 2 7 9]
5.50000
[1 2 7 10] [3 4 5 6 8 9]
5.50000
[3 4 5 6 8 9] [1 2 7 10]
5.50000
[1 2 8 9] [3 4 5 6 7 10]
5.50000
[3 4 5 6 7 10] [1 2 8 9]
5.50000
[1 2 8 10] [3 4 5 6 7 9]
5.50000
[3 4 5 6 7 9] [1 2 8 10]
5.50000
[1 2 9 10] [3 4 5 6 7 8]
5.50000
[3 4 5 6 7 8] [1 2 9 10]
5.50000
[1 3 4 5] [2 6 7 8 9 10]
5.50000
[2 6 7 8 9 10] [1 3 4 5]
5.50000
[1 3 4 6] [2 5 7 8 9 10]
5.50000
[2 5 7 8 9 10] [1 3 4 6]
5.50000
[1 3 4 7] [2 5 6 8 9 10]
5.50000
[2 5 6 8 9 10] [1 3 4 7]
5.50000
[1 3 4 8] [2 5 6 7 9 10]
5.50000
[2 5 6 7 9 10] [1 3 4 8]
5.50000
[1 3 4 9] [2 5 6 7 8 10]
5.50000
[2 5 6 7 8 10] [1 3 4 9]
5.50000
[1 3 4 10] [2 5 6 7 8 9]
5.50000
[2 5 6 7 8 9] [1 3 4 10]
5.50000
[1 3 5 6] [2 4 7 8 9 10]
5.50000
[2 4 7 8 9 10] [1 3 5 6]
5.50000
[1 3 5 7] [2 4 6 8 9 10]
5.50000
[2 4 6 8 9 10] [1 3 5 7]
5.50000
[1 3 5 8] [2 4 6 7 9 10]
5.50000
[2 4 6 7 9 10] [1 3 5 8]
5.50000
[1 3 5 9] [2 4 6 7 8 10]
5.50000
[2 4 6 7 8 10] [1 3 5 9]
5.50000
[1 3 5 10] [2 4 6 7 8 9]
5.50000
[2 4 6 7 8 9] [1 3 5 10]
5.50000
[1 3 6 7] [2 4 5 8 9 10]
5.50000
[2 4 5 8 9 10] [1 3 6 7]
5.50000
[1 3 6 8] [2 4 5 7 9 10]
5.50000
[2 4 5 7 9 10] [1 3 6 8]
5.50000
[1 3 6 9] [2 4 5 7 8 10]
5.50000
[2 4 5 7 8 10] [1 3 6 9]
5.50000
[1 3 6 10] [2 4 5 7 8 9]
5.50000
[2 4 5 7 8 9] [1 3 6 10]
5.50000
[1 3 7 8] [2 4 5 6 9 10]
5.50000
[2 4 5 6 9 10] [1 3 7 8]
5.50000
[1 3 7 9] [2 4 5 6 8 10]
5.50000
[2 4 5 6 8 10] [1 3 7 9]
5.50000
[1 3 7 10] [2 4 5 6 8 9]
5.50000
[2 4 5 6 8 9] [1 3 7 10]
5.50000
[1 3 8 9] [2 4 5 6 7 10]
5.50000
[2 4 5 6 7 10] [1 3 8 9]
5.50000
[1 3 8 10] [2 4 5 6 7 9]
5.50000
[2 4 5 6 7 9] [1 3 8 10]
5.50000
[1 3 9 10] [2 4 5 6 7 8]
5.50000
[2 4 5 6 7 8] [1 3 9 10]
5.50000
[1 4 5 6] [2 3 7 8 9 10]
5.50000
[2 3 7 8 9 10] [1 4 5 6]
5.50000
[1 4 5 7] [2 3 6 8 9 10]
5.50000
[2 3 6 8 9 10] [1 4 5 7]
5.50000
[1 4 5 8] [2 3 6 7 9 10]
5.50000
[2 3 6 7 9 10] [1 4 5 8]
5.50000
[1 4 5 9] [2 3 6 7 8 10]
5.50000
[2 3 6 7 8 10] [1 4 5 9]
5.50000
[1 4 5 10] [2 3 6 7 8 9]
5.50000
[2 3 6 7 8 9] [1 4 5 10]
5.50000
[1 4 6 7] [2 3 5 8 9 10]
5.50000
[2 3 5 8 9 10] [1 4 6 7]
5.50000
[1 4 6 8] [2 3 5 7 9 10]
5.50000
[2 3 5 7 9 10] [1 4 6 8]
5.50000
[1 4 6 9] [2 3 5 7 8 10]
5.50000
[2 3 5 7 8 10] [1 4 6 9]
5.50000
[1 4 6 10] [2 3 5 7 8 9]
5.50000
[2 3 5 7 8 9] [1 4 6 10]
5.50000
[1 4 7 8] [2 3 5 6 9 10]
5.50000
[2 3 5 6 9 10] [1 4 7 8]
5.50000
[1 4 7 9] [2 3 5 6 8 10]
5.50000
[2 3 5 6 8 10] [1 4 7 9]
5.50000
[1 4 7 10] [2 3 5 6 8 9]
5.50000
[2 3 5 6 8 9] [1 4 7 10]
5.50000
[1 4 8 9] [2 3 5 6 7 10]
5.50000
[2 3 5 6 7 10] [1 4 8 9]
5.50000
[1 4 8 10] [2 3 5 6 7 9]
5.50000
[2 3 5 6 7 9] [1 4 8 10]
5.50000
[1 4 9 10] [2 3 5 6 7 8]
5.50000
[2 3 5 6 7 8] [1 4 9 10]
5.50000
[1 5 6 7] [2 3 4 8 9 10]
5.50000
[2 3 4 8 9 10] [1 5 6 7]
5.50000
[1 5 6 8] [2 3 4 7 9 10]
5.50000
[2 3 4 7 9 10] [1 5 6 8]
5.50000
[1 5 6 9] [2 3 4 7 8 10]
5.50000
[2 3 4 7 8 10] [1 5 6 9]
5.50000
[1 5 6 10] [2 3 4 7 8 9]
5.50000
[2 3 4 7 8 9] [1 5 6 10]
5.50000
[1 5 7 8] [2 3 4 6 9 10]
5.50000
[2 3 4 6 9 10] [1 5 7 8]
5.50000
[1 5 7 9] [2 3 4 6 8 10]
5.50000
[2 3 4 6 8 10] [1 5 7 9]
5.50000
[1 5 7 10] [2 3 4 6 8 9]
5.50000
[2 3 4 6 8 9] [1 5 7 10]
5.50000
[1 5 8 9] [2 3 4 6 7 10]
5.50000
[2 3 4 6 7 10] [1 5 8 9]
5.50000
[1 5 8 10] [2 3 4 6 7 9]
5.50000
[2 3 4 6 7 9] [1 5 8 10]
5.50000
[1 5 9 10] [2 3 4 6 7 8]
5.50000
[2 3 4 6 7 8] [1 5 9 10]
5.50000
[1 6 7 8] [2 3 4 5 9 10]
5.50000
[2 3 4 5 9 10] [1 6 7 8]
5.50000
[1 6 7 9] [2 3 4 5 8 10]
5.50000
[2 3 4 5 8 10] [1 6 7 9]
5.50000
[1 6 7 10] [2 3 4 5 8 9]
5.50000
[2 3 4 5 8 9] [1 6 7 10]
5.50000
[1 6 8 9] [2 3 4 5 7 10]
5.50000
[2 3 4 5 7 10] [1 6 8 9]
5.50000
[1 6 8 10] [2 3 4 5 7 9]
5.50000
[2 3 4 5 7 9] [1 6 8 10]
5.50000
[1 6 9 10] [2 3 4 5 7 8]
5.50000
[2 3 4 5 7 8] [1 6 9 10]
5.50000
[1 7 8 9] [2 3 4 5 6 10]
5.50000
[2 3 4 5 6 10] [1 7 8 9]
5.50000
[1 7 8 10] [2 3 4 5 6 9]
5.50000
[2 3 4 5 6 9] [1 7 8 10]
5.50000
[1 7 9 10] [2 3 4 5 6 8]
5.50000
[2 3 4 5 6 8] [1 7 9 10]
5.50000
[1 8 9 10] [2 3 4 5 6 7]
5.50000
[2 3 4 5 6 7] [1 8 9 10]
5.50000
[2 3 4 5] [1 6 7 8 9 10]
5.50000
[1 6 7 8 9 10] [2 3 4 5]
5.50000
[2 3 4 6] [1 5 7 8 9 10]
5.50000
[1 5 7 8 9 10] [2 3 4 6]
5.50000
[2 3 4 7] [1 5 6 8 9 10]
5.50000
[1 5 6 8 9 10] [2 3 4 7]
5.50000
[2 3 4 8] [1 5 6 7 9 10]
5.50000
[1 5 6 7 9 10] [2 3 4 8]
5.50000
[2 3 4 9] [1 5 6 7 8 10]
5.50000
[1 5 6 7 8 10] [2 3 4 9]
5.50000
[2 3 4 10] [1 5 6 7 8 9]
5.50000
[1 5 6 7 8 9] [2 3 4 10]
5.50000
[2 3 5 6] [1 4 7 8 9 10]
5.50000
[1 4 7 8 9 10] [2 3 5 6]
5.50000
[2 3 5 7] [1 4 6 8 9 10]
5.50000
[1 4 6 8 9 10] [2 3 5 7]
5.50000
[2 3 5 8] [1 4 6 7 9 10]
5.50000
[1 4 6 7 9 10] [2 3 5 8]
5.50000
[2 3 5 9] [1 4 6 7 8 10]
5.50000
[1 4 6 7 8 10] [2 3 5 9]
5.50000
[2 3 5 10] [1 4 6 7 8 9]
5.50000
[1 4 6 7 8 9] [2 3 5 10]
5.50000
[2 3 6 7] [1 4 5 8 9 10]
5.50000
[1 4 5 8 9 10] [2 3 6 7]
5.50000
[2 3 6 8] [1 4 5 7 9 10]
5.50000
[1 4 5 7 9 10] [2 3 6 8]
5.50000
[2 3 6 9] [1 4 5 7 8 10]
5.50000
[1 4 5 7 8 10] [2 3 6 9]
5.50000
[2 3 6 10] [1 4 5 7 8 9]
5.50000
[1 4 5 7 8 9] [2 3 6 10]
5.50000
[2 3 7 8] [1 4 5 6 9 10]
5.50000
[1 4 5 6 9 10] [2 3 7 8]
5.50000
[2 3 7 9] [1 4 5 6 8 10]
5.50000
[1 4 5 6 8 10] [2 3 7 9]
5.50000
[2 3 7 10] [1 4 5 6 8 9]
5.50000
[1 4 5 6 8 9] [2 3 7 10]
5.50000
[2 3 8 9] [1 4 5 6 7 10]
5.50000
[1 4 5 6 7 10] [2 3 8 9]
5.50000
[2 3 8 10] [1 4 5 6 7 9]
5.50000
[1 4 5 6 7 9] [2 3 8 10]
5.50000
[2 3 9 10] [1 4 5 6 7 8]
5.50000
[1 4 5 6 7 8] [2 3 9 10]
5.50000
[2 4 5 6] [1 3 7 8 9 10]
5.50000
[1 3 7 8 9 10] [2 4 5 6]
5.50000
[2 4 5 7] [1 3 6 8 9 10]
5.50000
[1 3 6 8 9 10] [2 4 5 7]
5.50000
[2 4 5 8] [1 3 6 7 9 10]
5.50000
[1 3 6 7 9 10] [2 4 5 8]
5.50000
[2 4 5 9] [1 3 6 7 8 10]
5.50000
[1 3 6 7 8 10] [2 4 5 9]
5.50000
[2 4 5 10] [1 3 6 7 8 9]
5.50000
[1 3 6 7 8 9] [2 4 5 10]
5.50000
[2 4 6 7] [1 3 5 8 9 10]
5.50000
[1 3 5 8 9 10] [2 4 6 7]
5.50000
[2 4 6 8] [1 3 5 7 9 10]
5.50000
[1 3 5 7 9 10] [2 4 6 8]
5.50000
[2 4 6 9] [1 3 5 7 8 10]
5.50000
[1 3 5 7 8 10] [2 4 6 9]
5.50000
[2 4 6 10] [1 3 5 7 8 9]
5.50000
[1 3 5 7 8 9] [2 4 6 10]
5.50000
[2 4 7 8] [1 3 5 6 9 10]
5.50000
[1 3 5 6 9 10] [2 4 7 8]
5.50000
[2 4 7 9] [1 3 5 6 8 10]
5.50000
[1 3 5 6 8 10] [2 4 7 9]
5.50000
[2 4 7 10] [1 3 5 6 8 9]
5.50000
[1 3 5 6 8 9] [2 4 7 10]
5.50000
[2 4 8 9] [1 3 5 6 7 10]
5.50000
[1 3 5 6 7 10] [2 4 8 9]
5.50000
[2 4 8 10] [1 3 5 6 7 9]
5.50000
[1 3 5 6 7 9] [2 4 8 10]
5.50000
[2 4 9 10] [1 3 5 6 7 8]
5.50000
[1 3 5 6 7 8] [2 4 9 10]
5.50000
[2 5 6 7] [1 3 4 8 9 10]
5.50000
[1 3 4 8 9 10] [2 5 6 7]
5.50000
[2 5 6 8] [1 3 4 7 9 10]
5.50000
[1 3 4 7 9 10] [2 5 6 8]
5.50000
[2 5 6 9] [1 3 4 7 8 10]
5.50000
[1 3 4 7 8 10] [2 5 6 9]
5.50000
[2 5 6 10] [1 3 4 7 8 9]
5.50000
[1 3 4 7 8 9] [2 5 6 10]
5.50000
[2 5 7 8] [1 3 4 6 9 10]
5.50000
[1 3 4 6 9 10] [2 5 7 8]
5.50000
[2 5 7 9] [1 3 4 6 8 10]
5.50000
[1 3 4 6 8 10] [2 5 7 9]
5.50000
[2 5 7 10] [1 3 4 6 8 9]
5.50000
[1 3 4 6 8 9] [2 5 7 10]
5.50000
[2 5 8 9] [1 3 4 6 7 10]
5.50000
[1 3 4 6 7 10] [2 5 8 9]
5.50000
[2 5 8 10] [1 3 4 6 7 9]
5.50000
[1 3 4 6 7 9] [2 5 8 10]
5.50000
[2 5 9 10] [1 3 4 6 7 8]
5.50000
[1 3 4 6 7 8] [2 5 9 10]
5.50000
[2 6 7 8] [1 3 4 5 9 10]
5.50000
[1 3 4 5 9 10] [2 6 7 8]
5.50000
[2 6 7 9] [1 3 4 5 8 10]
5.50000
[1 3 4 5 8 10] [2 6 7 9]
5.50000
[2 6 7 10] [1 3 4 5 8 9]
5.50000
[1 3 4 5 8 9] [2 6 7 10]
5.50000
[2 6 8 9] [1 3 4 5 7 10]
5.50000
[1 3 4 5 7 10] [2 6 8 9]
5.50000
[2 6 8 10] [1 3 4 5 7 9]
5.50000
[1 3 4 5 7 9] [2 6 8 10]
5.50000
[2 6 9 10] [1 3 4 5 7 8]
5.50000
[1 3 4 5 7 8] [2 6 9 10]
5.50000
[2 7 8 9] [1 3 4 5 6 10]
5.50000
[1 3 4 5 6 10] [2 7 8 9]
5.50000
[2 7 8 10] [1 3 4 5 6 9]
5.50000
[1 3 4 5 6 9] [2 7 8 10]
5.50000
[2 7 9 10] [1 3 4 5 6 8]
5.50000
[1 3 4 5 6 8] [2 7 9 10]
5.50000
[2 8 9 10] [1 3 4 5 6 7]
5.50000
[1 3 4 5 6 7] [2 8 9 10]
5.50000
[3 4 5 6] [1 2 7 8 9 10]
5.50000
[1 2 7 8 9 10] [3 4 5 6]
5.50000
[3 4 5 7] [1 2 6 8 9 10]
5.50000
[1 2 6 8 9 10] [3 4 5 7]
5.50000
[3 4 5 8] [1 2 6 7 9 10]
5.50000
[1 2 6 7 9 10] [3 4 5 8]
5.50000
[3 4 5 9] [1 2 6 7 8 10]
5.50000
[1 2 6 7 8 10] [3 4 5 9]
5.50000
[3 4 5 10] [1 2 6 7 8 9]
5.50000
[1 2 6 7 8 9] [3 4 5 10]
5.50000
[3 4 6 7] [1 2 5 8 9 10]
5.50000
[1 2 5 8 9 10] [3 4 6 7]
5.50000
[3 4 6 8] [1 2 5 7 9 10]
5.50000
[1 2 5 7 9 10] [3 4 6 8]
5.50000
[3 4 6 9] [1 2 5 7 8 10]
5.50000
[1 2 5 7 8 10] [3 4 6 9]
5.50000
[3 4 6 10] [1 2 5 7 8 9]
5.50000
[1 2 5 7 8 9] [3 4 6 10]
5.50000
[3 4 7 8] [1 2 5 6 9 10]
5.50000
[1 2 5 6 9 10] [3 4 7 8]
5.50000
[3 4 7 9] [1 2 5 6 8 10]
5.50000
[1 2 5 6 8 10] [3 4 7 9]
5.50000
[3 4 7 10] [1 2 5 6 8 9]
5.50000
[1 2 5 6 8 9] [3 4 7 10]
5.50000
[3 4 8 9] [1 2 5 6 7 10]
5.50000
[1 2 5 6 7 10] [3 4 8 9]
5.50000
[3 4 8 10] [1 2 5 6 7 9]
5.50000
[1 2 5 6 7 9] [3 4 8 10]
5.50000
[3 4 9 10] [1 2 5 6 7 8]
5.50000
[1 2 5 6 7 8] [3 4 9 10]
5.50000
[3 5 6 7] [1 2 4 8 9 10]
5.50000
[1 2 4 8 9 10] [3 5 6 7]
5.50000
[3 5 6 8] [1 2 4 7 9 10]
5.50000
[1 2 4 7 9 10] [3 5 6 8]
5.50000
[3 5 6 9] [1 2 4 7 8 10]
5.50000
[1 2 4 7 8 10] [3 5 6 9]
5.50000
[3 5 6 10] [1 2 4 7 8 9]
5.50000
[1 2 4 7 8 9] [3 5 6 10]
5.50000
[3 5 7 8] [1 2 4 6 9 10]
5.50000
[1 2 4 6 9 10] [3 5 7 8]
5.50000
[3 5 7 9] [1 2 4 6 8 10]
5.50000
[1 2 4 6 8 10] [3 5 7 9]
5.50000
[3 5 7 10] [1 2 4 6 8 9]
5.50000
[1 2 4 6 8 9] [3 5 7 10]
5.50000
[3 5 8 9] [1 2 4 6 7 10]
5.50000
[1 2 4 6 7 10] [3 5 8 9]
5.50000
[3 5 8 10] [1 2 4 6 7 9]
5.50000
[1 2 4 6 7 9] [3 5 8 10]
5.50000
[3 5 9 10] [1 2 4 6 7 8]
5.50000
[1 2 4 6 7 8] [3 5 9 10]
5.50000
[3 6 7 8] [1 2 4 5 9 10]
5.50000
[1 2 4 5 9 10] [3 6 7 8]
5.50000
[3 6 7 9] [1 2 4 5 8 10]
5.50000
[1 2 4 5 8 10] [3 6 7 9]
5.50000
[3 6 7 10] [1 2 4 5 8 9]
5.50000
[1 2 4 5 8 9] [3 6 7 10]
5.50000
[3 6 8 9] [1 2 4 5 7 10]
5.50000
[1 2 4 5 7 10] [3 6 8 9]
5.50000
[3 6 8 10] [1 2 4 5 7 9]
5.50000
[1 2 4 5 7 9] [3 6 8 10]
5.50000
[3 6 9 10] [1 2 4 5 7 8]
5.50000
[1 2 4 5 7 8] [3 6 9 10]
5.50000
[3 7 8 9] [1 2 4 5 6 10]
5.50000
[1 2 4 5 6 10] [3 7 8 9]
5.50000
[3 7 8 10] [1 2 4 5 6 9]
5.50000
[1 2 4 5 6 9] [3 7 8 10]
5.50000
[3 7 9 10] [1 2 4 5 6 8]
5.50000
[1 2 4 5 6 8] [3 7 9 10]
5.50000
[3 8 9 10] [1 2 4 5 6 7]
5.50000
[1 2 4 5 6 7] [3 8 9 10]
5.50000
[4 5 6 7] [1 2 3 8 9 10]
5.50000
[1 2 3 8 9 10] [4 5 6 7]
5.50000
[4 5 6 8] [1 2 3 7 9 10]
5.50000
[1 2 3 7 9 10] [4 5 6 8]
5.50000
[4 5 6 9] [1 2 3 7 8 10]
5.50000
[1 2 3 7 8 10] [4 5 6 9]
5.50000
[4 5 6 10] [1 2 3 7 8 9]
5.50000
[1 2 3 7 8 9] [4 5 6 10]
5.50000
[4 5 7 8] [1 2 3 6 9 10]
5.50000
[1 2 3 6 9 10] [4 5 7 8]
5.50000
[4 5 7 9] [1 2 3 6 8 10]
5.50000
[1 2 3 6 8 10] [4 5 7 9]
5.50000
[4 5 7 10] [1 2 3 6 8 9]
5.50000
[1 2 3 6 8 9] [4 5 7 10]
5.50000
[4 5 8 9] [1 2 3 6 7 10]
5.50000
[1 2 3 6 7 10] [4 5 8 9]
5.50000
[4 5 8 10] [1 2 3 6 7 9]
5.50000
[1 2 3 6 7 9] [4 5 8 10]
5.50000
[4 5 9 10] [1 2 3 6 7 8]
5.50000
[1 2 3 6 7 8] [4 5 9 10]
5.50000
[4 6 7 8] [1 2 3 5 9 10]
5.50000
[1 2 3 5 9 10] [4 6 7 8]
5.50000
[4 6 7 9] [1 2 3 5 8 10]
5.50000
[1 2 3 5 8 10] [4 6 7 9]
5.50000
[4 6 7 10] [1 2 3 5 8 9]
5.50000
[1 2 3 5 8 9] [4 6 7 10]
5.50000
[4 6 8 9] [1 2 3 5 7 10]
5.50000
[1 2 3 5 7 10] [4 6 8 9]
5.50000
[4 6 8 10] [1 2 3 5 7 9]
5.50000
[1 2 3 5 7 9] [4 6 8 10]
5.50000
[4 6 9 10] [1 2 3 5 7 8]
5.50000
[1 2 3 5 7 8] [4 6 9 10]
5.50000
[4 7 8 9] [1 2 3 5 6 10]
5.50000
[1 2 3 5 6 10] [4 7 8 9]
5.50000
[4 7 8 10] [1 2 3 5 6 9]
5.50000
[1 2 3 5 6 9] [4 7 8 10]
5.50000
[4 7 9 10] [1 2 3 5 6 8]
5.50000
[1 2 3 5 6 8] [4 7 9 10]
5.50000
[4 8 9 10] [1 2 3 5 6 7]
5.50000
[1 2 3 5 6 7] [4 8 9 10]
5.50000
[5 6 7 8] [1 2 3 4 9 10]
5.50000
[1 2 3 4 9 10] [5 6 7 8]
5.50000
[5 6 7 9] [1 2 3 4 8 10]
5.50000
[1 2 3 4 8 10] [5 6 7 9]
5.50000
[5 6 7 10] [1 2 3 4 8 9]
5.50000
[1 2 3 4 8 9] [5 6 7 10]
5.50000
[5 6 8 9] [1 2 3 4 7 10]
5.50000
[1 2 3 4 7 10] [5 6 8 9]
5.50000
[5 6 8 10] [1 2 3 4 7 9]
5.50000
[1 2 3 4 7 9] [5 6 8 10]
5.50000
[5 6 9 10] [1 2 3 4 7 8]
5.50000
[1 2 3 4 7 8] [5 6 9 10]
5.50000
[5 7 8 9] [1 2 3 4 6 10]
5.50000
[1 2 3 4 6 10] [5 7 8 9]
5.50000
[5 7 8 10] [1 2 3 4 6 9]
5.50000
[1 2 3 4 6 9] [5 7 8 10]
5.50000
[5 7 9 10] [1 2 3 4 6 8]
5.50000
[1 2 3 4 6 8] [5 7 9 10]
5.50000
[5 8 9 10] [1 2 3 4 6 7]
5.50000
[1 2 3 4 6 7] [5 8 9 10]
5.50000
[6 7 8 9] [1 2 3 4 5 10]
5.50000
[1 2 3 4 5 10] [6 7 8 9]
5.50000
[6 7 8 10] [1 2 3 4 5 9]
5.50000
[1 2 3 4 5 9] [6 7 8 10]
5.50000
[6 7 9 10] [1 2 3 4 5 8]
5.50000
[1 2 3 4 5 8] [6 7 9 10]
5.50000
[6 8 9 10] [1 2 3 4 5 7]
5.50000
[1 2 3 4 5 7] [6 8 9 10]
5.50000
[7 8 9 10] [1 2 3 4 5 6]
5.50000
[1 2 3 4 5 6] [7 8 9 10]
5.50000
[1 2 3 4 5] [6 7 8 9 10]
5.50000
[1 2 3 4 6] [5 7 8 9 10]
5.50000
[1 2 3 4 7] [5 6 8 9 10]
5.50000
[1 2 3 4 8] [5 6 7 9 10]
5.50000
[1 2 3 4 9] [5 6 7 8 10]
5.50000
[1 2 3 4 10] [5 6 7 8 9]
5.50000
[1 2 3 5 6] [4 7 8 9 10]
5.50000
[1 2 3 5 7] [4 6 8 9 10]
5.50000
[1 2 3 5 8] [4 6 7 9 10]
5.50000
[1 2 3 5 9] [4 6 7 8 10]
5.50000
[1 2 3 5 10] [4 6 7 8 9]
5.50000
[1 2 3 6 7] [4 5 8 9 10]
5.50000
[1 2 3 6 8] [4 5 7 9 10]
5.50000
[1 2 3 6 9] [4 5 7 8 10]
5.50000
[1 2 3 6 10] [4 5 7 8 9]
5.50000
[1 2 3 7 8] [4 5 6 9 10]
5.50000
[1 2 3 7 9] [4 5 6 8 10]
5.50000
[1 2 3 7 10] [4 5 6 8 9]
5.50000
[1 2 3 8 9] [4 5 6 7 10]
5.50000
[1 2 3 8 10] [4 5 6 7 9]
5.50000
[1 2 3 9 10] [4 5 6 7 8]
5.50000
[1 2 4 5 6] [3 7 8 9 10]
5.50000
[1 2 4 5 7] [3 6 8 9 10]
5.50000
[1 2 4 5 8] [3 6 7 9 10]
5.50000
[1 2 4 5 9] [3 6 7 8 10]
5.50000
[1 2 4 5 10] [3 6 7 8 9]
5.50000
[1 2 4 6 7] [3 5 8 9 10]
5.50000
[1 2 4 6 8] [3 5 7 9 10]
5.50000
[1 2 4 6 9] [3 5 7 8 10]
5.50000
[1 2 4 6 10] [3 5 7 8 9]
5.50000
[1 2 4 7 8] [3 5 6 9 10]
5.50000
[1 2 4 7 9] [3 5 6 8 10]
5.50000
[1 2 4 7 10] [3 5 6 8 9]
5.50000
[1 2 4 8 9] [3 5 6 7 10]
5.50000
[1 2 4 8 10] [3 5 6 7 9]
5.50000
[1 2 4 9 10] [3 5 6 7 8]
5.50000
[1 2 5 6 7] [3 4 8 9 10]
5.50000
[1 2 5 6 8] [3 4 7 9 10]
5.50000
[1 2 5 6 9] [3 4 7 8 10]
5.50000
[1 2 5 6 10] [3 4 7 8 9]
5.50000
[1 2 5 7 8] [3 4 6 9 10]
5.50000
[1 2 5 7 9] [3 4 6 8 10]
5.50000
[1 2 5 7 10] [3 4 6 8 9]
5.50000
[1 2 5 8 9] [3 4 6 7 10]
5.50000
[1 2 5 8 10] [3 4 6 7 9]
5.50000
[1 2 5 9 10] [3 4 6 7 8]
5.50000
[1 2 6 7 8] [3 4 5 9 10]
5.50000
[1 2 6 7 9] [3 4 5 8 10]
5.50000
[1 2 6 7 10] [3 4 5 8 9]
5.50000
[1 2 6 8 9] [3 4 5 7 10]
5.50000
[1 2 6 8 10] [3 4 5 7 9]
5.50000
[1 2 6 9 10] [3 4 5 7 8]
5.50000
[1 2 7 8 9] [3 4 5 6 10]
5.50000
[1 2 7 8 10] [3 4 5 6 9]
5.50000
[1 2 7 9 10] [3 4 5 6 8]
5.50000
[1 2 8 9 10] [3 4 5 6 7]
5.50000
[1 3 4 5 6] [2 7 8 9 10]
5.50000
[1 3 4 5 7] [2 6 8 9 10]
5.50000
[1 3 4 5 8] [2 6 7 9 10]
5.50000
[1 3 4 5 9] [2 6 7 8 10]
5.50000
[1 3 4 5 10] [2 6 7 8 9]
5.50000
[1 3 4 6 7] [2 5 8 9 10]
5.50000
[1 3 4 6 8] [2 5 7 9 10]
5.50000
[1 3 4 6 9] [2 5 7 8 10]
5.50000
[1 3 4 6 10] [2 5 7 8 9]
5.50000
[1 3 4 7 8] [2 5 6 9 10]
5.50000
[1 3 4 7 9] [2 5 6 8 10]
5.50000
[1 3 4 7 10] [2 5 6 8 9]
5.50000
[1 3 4 8 9] [2 5 6 7 10]
5.50000
[1 3 4 8 10] [2 5 6 7 9]
5.50000
[1 3 4 9 10] [2 5 6 7 8]
5.50000
[1 3 5 6 7] [2 4 8 9 10]
5.50000
[1 3 5 6 8] [2 4 7 9 10]
5.50000
[1 3 5 6 9] [2 4 7 8 10]
5.50000
[1 3 5 6 10] [2 4 7 8 9]
5.50000
[1 3 5 7 8] [2 4 6 9 10]
5.50000
[1 3 5 7 9] [2 4 6 8 10]
5.50000
[1 3 5 7 10] [2 4 6 8 9]
5.50000
[1 3 5 8 9] [2 4 6 7 10]
5.50000
[1 3 5 8 10] [2 4 6 7 9]
5.50000
[1 3 5 9 10] [2 4 6 7 8]
5.50000
[1 3 6 7 8] [2 4 5 9 10]
5.50000
[1 3 6 7 9] [2 4 5 8 10]
5.50000
[1 3 6 7 10] [2 4 5 8 9]
5.50000
[1 3 6 8 9] [2 4 5 7 10]
5.50000
[1 3 6 8 10] [2 4 5 7 9]
5.50000
[1 3 6 9 10] [2 4 5 7 8]
5.50000
[1 3 7 8 9] [2 4 5 6 10]
5.50000
[1 3 7 8 10] [2 4 5 6 9]
5.50000
[1 3 7 9 10] [2 4 5 6 8]
5.50000
[1 3 8 9 10] [2 4 5 6 7]
5.50000
[1 4 5 6 7] [2 3 8 9 10]
5.50000
[1 4 5 6 8] [2 3 7 9 10]
5.50000
[1 4 5 6 9] [2 3 7 8 10]
5.50000
[1 4 5 6 10] [2 3 7 8 9]
5.50000
[1 4 5 7 8] [2 3 6 9 10]
5.50000
[1 4 5 7 9] [2 3 6 8 10]
5.50000
[1 4 5 7 10] [2 3 6 8 9]
5.50000
[1 4 5 8 9] [2 3 6 7 10]
5.50000
[1 4 5 8 10] [2 3 6 7 9]
5.50000
[1 4 5 9 10] [2 3 6 7 8]
5.50000
[1 4 6 7 8] [2 3 5 9 10]
5.50000
[1 4 6 7 9] [2 3 5 8 10]
5.50000
[1 4 6 7 10] [2 3 5 8 9]
5.50000
[1 4 6 8 9] [2 3 5 7 10]
5.50000
[1 4 6 8 10] [2 3 5 7 9]
5.50000
[1 4 6 9 10] [2 3 5 7 8]
5.50000
[1 4 7 8 9] [2 3 5 6 10]
5.50000
[1 4 7 8 10] [2 3 5 6 9]
5.50000
[1 4 7 9 10] [2 3 5 6 8]
5.50000
[1 4 8 9 10] [2 3 5 6 7]
5.50000
[1 5 6 7 8] [2 3 4 9 10]
5.50000
[1 5 6 7 9] [2 3 4 8 10]
5.50000
[1 5 6 7 10] [2 3 4 8 9]
5.50000
[1 5 6 8 9] [2 3 4 7 10]
5.50000
[1 5 6 8 10] [2 3 4 7 9]
5.50000
[1 5 6 9 10] [2 3 4 7 8]
5.50000
[1 5 7 8 9] [2 3 4 6 10]
5.50000
[1 5 7 8 10] [2 3 4 6 9]
5.50000
[1 5 7 9 10] [2 3 4 6 8]
5.50000
[1 5 8 9 10] [2 3 4 6 7]
5.50000
[1 6 7 8 9] [2 3 4 5 10]
5.50000
[1 6 7 8 10] [2 3 4 5 9]
5.50000
[1 6 7 9 10] [2 3 4 5 8]
5.50000
[1 6 8 9 10] [2 3 4 5 7]
5.50000
[1 7 8 9 10] [2 3 4 5 6]
5.50000
[2 3 4 5 6] [1 7 8 9 10]
5.50000
[2 3 4 5 7] [1 6 8 9 10]
5.50000
[2 3 4 5 8] [1 6 7 9 10]
5.50000
[2 3 4 5 9] [1 6 7 8 10]
5.50000
[2 3 4 5 10] [1 6 7 8 9]
5.50000
[2 3 4 6 7] [1 5 8 9 10]
5.50000
[2 3 4 6 8] [1 5 7 9 10]
5.50000
[2 3 4 6 9] [1 5 7 8 10]
5.50000
[2 3 4 6 10] [1 5 7 8 9]
5.50000
[2 3 4 7 8] [1 5 6 9 10]
5.50000
[2 3 4 7 9] [1 5 6 8 10]
5.50000
[2 3 4 7 10] [1 5 6 8 9]
5.50000
[2 3 4 8 9] [1 5 6 7 10]
5.50000
[2 3 4 8 10] [1 5 6 7 9]
5.50000
[2 3 4 9 10] [1 5 6 7 8]
5.50000
[2 3 5 6 7] [1 4 8 9 10]
5.50000
[2 3 5 6 8] [1 4 7 9 10]
5.50000
[2 3 5 6 9] [1 4 7 8 10]
5.50000
[2 3 5 6 10] [1 4 7 8 9]
5.50000
[2 3 5 7 8] [1 4 6 9 10]
5.50000
[2 3 5 7 9] [1 4 6 8 10]
5.50000
[2 3 5 7 10] [1 4 6 8 9]
5.50000
[2 3 5 8 9] [1 4 6 7 10]
5.50000
[2 3 5 8 10] [1 4 6 7 9]
5.50000
[2 3 5 9 10] [1 4 6 7 8]
5.50000
[2 3 6 7 8] [1 4 5 9 10]
5.50000
[2 3 6 7 9] [1 4 5 8 10]
5.50000
[2 3 6 7 10] [1 4 5 8 9]
5.50000
[2 3 6 8 9] [1 4 5 7 10]
5.50000
[2 3 6 8 10] [1 4 5 7 9]
5.50000
[2 3 6 9 10] [1 4 5 7 8]
5.50000
[2 3 7 8 9] [1 4 5 6 10]
5.50000
[2 3 7 8 10] [1 4 5 6 9]
5.50000
[2 3 7 9 10] [1 4 5 6 8]
5.50000
[2 3 8 9 10] [1 4 5 6 7]
5.50000
[2 4 5 6 7] [1 3 8 9 10]
5.50000
[2 4 5 6 8] [1 3 7 9 10]
5.50000
[2 4 5 6 9] [1 3 7 8 10]
5.50000
[2 4 5 6 10] [1 3 7 8 9]
5.50000
[2 4 5 7 8] [1 3 6 9 10]
5.50000
[2 4 5 7 9] [1 3 6 8 10]
5.50000
[2 4 5 7 10] [1 3 6 8 9]
5.50000
[2 4 5 8 9] [1 3 6 7 10]
5.50000
[2 4 5 8 10] [1 3 6 7 9]
5.50000
[2 4 5 9 10] [1 3 6 7 8]
5.50000
[2 4 6 7 8] [1 3 5 9 10]
5.50000
[2 4 6 7 9] [1 3 5 8 10]
5.50000
[2 4 6 7 10] [1 3 5 8 9]
5.50000
[2 4 6 8 9] [1 3 5 7 10]
5.50000
[2 4 6 8 10] [1 3 5 7 9]
5.50000
[2 4 6 9 10] [1 3 5 7 8]
5.50000
[2 4 7 8 9] [1 3 5 6 10]
5.50000
[2 4 7 8 10] [1 3 5 6 9]
5.50000
[2 4 7 9 10] [1 3 5 6 8]
5.50000
[2 4 8 9 10] [1 3 5 6 7]
5.50000
[2 5 6 7 8] [1 3 4 9 10]
5.50000
[2 5 6 7 9] [1 3 4 8 10]
5.50000
[2 5 6 7 10] [1 3 4 8 9]
5.50000
[2 5 6 8 9] [1 3 4 7 10]
5.50000
[2 5 6 8 10] [1 3 4 7 9]
5.50000
[2 5 6 9 10] [1 3 4 7 8]
5.50000
[2 5 7 8 9] [1 3 4 6 10]
5.50000
[2 5 7 8 10] [1 3 4 6 9]
5.50000
[2 5 7 9 10] [1 3 4 6 8]
5.50000
[2 5 8 9 10] [1 3 4 6 7]
5.50000
[2 6 7 8 9] [1 3 4 5 10]
5.50000
[2 6 7 8 10] [1 3 4 5 9]
5.50000
[2 6 7 9 10] [1 3 4 5 8]
5.50000
[2 6 8 9 10] [1 3 4 5 7]
5.50000
[2 7 8 9 10] [1 3 4 5 6]
5.50000
[3 4 5 6 7] [1 2 8 9 10]
5.50000
[3 4 5 6 8] [1 2 7 9 10]
5.50000
[3 4 5 6 9] [1 2 7 8 10]
5.50000
[3 4 5 6 10] [1 2 7 8 9]
5.50000
[3 4 5 7 8] [1 2 6 9 10]
5.50000
[3 4 5 7 9] [1 2 6 8 10]
5.50000
[3 4 5 7 10] [1 2 6 8 9]
5.50000
[3 4 5 8 9] [1 2 6 7 10]
5.50000
[3 4 5 8 10] [1 2 6 7 9]
5.50000
[3 4 5 9 10] [1 2 6 7 8]
5.50000
[3 4 6 7 8] [1 2 5 9 10]
5.50000
[3 4 6 7 9] [1 2 5 8 10]
5.50000
[3 4 6 7 10] [1 2 5 8 9]
5.50000
[3 4 6 8 9] [1 2 5 7 10]
5.50000
[3 4 6 8 10] [1 2 5 7 9]
5.50000
[3 4 6 9 10] [1 2 5 7 8]
5.50000
[3 4 7 8 9] [1 2 5 6 10]
5.50000
[3 4 7 8 10] [1 2 5 6 9]
5.50000
[3 4 7 9 10] [1 2 5 6 8]
5.50000
[3 4 8 9 10] [1 2 5 6 7]
5.50000
[3 5 6 7 8] [1 2 4 9 10]
5.50000
[3 5 6 7 9] [1 2 4 8 10]
5.50000
[3 5 6 7 10] [1 2 4 8 9]
5.50000
[3 5 6 8 9] [1 2 4 7 10]
5.50000
[3 5 6 8 10] [1 2 4 7 9]
5.50000
[3 5 6 9 10] [1 2 4 7 8]
5.50000
[3 5 7 8 9] [1 2 4 6 10]
5.50000
[3 5 7 8 10] [1 2 4 6 9]
5.50000
[3 5 7 9 10] [1 2 4 6 8]
5.50000
[3 5 8 9 10] [1 2 4 6 7]
5.50000
[3 6 7 8 9] [1 2 4 5 10]
5.50000
[3 6 7 8 10] [1 2 4 5 9]
5.50000
[3 6 7 9 10] [1 2 4 5 8]
5.50000
[3 6 8 9 10] [1 2 4 5 7]
5.50000
[3 7 8 9 10] [1 2 4 5 6]
5.50000
[4 5 6 7 8] [1 2 3 9 10]
5.50000
[4 5 6 7 9] [1 2 3 8 10]
5.50000
[4 5 6 7 10] [1 2 3 8 9]
5.50000
[4 5 6 8 9] [1 2 3 7 10]
5.50000
[4 5 6 8 10] [1 2 3 7 9]
5.50000
[4 5 6 9 10] [1 2 3 7 8]
5.50000
[4 5 7 8 9] [1 2 3 6 10]
5.50000
[4 5 7 8 10] [1 2 3 6 9]
5.50000
[4 5 7 9 10] [1 2 3 6 8]
5.50000
[4 5 8 9 10] [1 2 3 6 7]
5.50000
[4 6 7 8 9] [1 2 3 5 10]
5.50000
[4 6 7 8 10] [1 2 3 5 9]
5.50000
[4 6 7 9 10] [1 2 3 5 8]
5.50000
[4 6 8 9 10] [1 2 3 5 7]
5.50000
[4 7 8 9 10] [1 2 3 5 6]
5.50000
[5 6 7 8 9] [1 2 3 4 10]
5.50000
[5 6 7 8 10] [1 2 3 4 9]
5.50000
[5 6 7 9 10] [1 2 3 4 8]
5.50000
[5 6 8 9 10] [1 2 3 4 7]
5.50000
[5 7 8 9 10] [1 2 3 4 6]
5.50000
[6 7 8 9 10] [1 2 3 4 5]
5.50000
[5 68 75 161 203 211 212 215 287 328 376 449 464 471 487 488 505 611 649 661 669 691 760 813 887 1147 1157 1245 1255 1258 1269 1272 1278 1282 1312 1334 1364 1381 1454 1454 1502 1536 1537 1567 1617 1650 1673 1731 1747 1850 1856 1966 1982 2004 2005 2006 2020 2028 2037 2073 2151 2216 2270 2305 2309 2327 2341 2351 2395 2405 2470 2513 2620 2644 2694 2698 2715 2728 2748 2759 2856 2892 2919 2958 2962 2976 3009 3086 3136 3205 3217 3270 3367 3484 3502 3578 3580 3614 3723 3743 3748 3760 3766 3774 3890 4010 4016 4069 4072 4095 4110 4132 4162 4228 4238 4246 4262 4279 4304 4316 4360 4375 4485 4497 4532 4554 4579 4661 4696 4733 4735 4762 4763 4824 4829 4837 4842 4850 4864 4904 4934 4958 4971 5014 5020 5042 5059 5087 5105 5165 5176 5201 5237 5247 5258 5265 5278 5298 5313 5355 5369 5397 5413 5456 5467 5525 5547 5589 5600 5664 5680 5691 5706 5707 5717 5723 5753 5774 5781 5783 5785 5917 5945 5977 5994 6029 6034 6069 6078 6121 6122 6159 6163 6247 6286 6288 6310 6349 6364 6435 6458 6533 6594 6643 6684 6744 6782 6811 6843 6863 6966 6972 7032 7062 7104 7119 7126 7129 7143 7174 7246 7250 7267 7318 7325 7374 7413 7418 7423 7497 7673 7719 7726 7861 7891 7893 7962 8004 8007 8073 8135 8137 8197 8208 8212 8258 8279 8295 8296 8300 8332 8348 8403 8451 8485 8549 8656 8658 8662 8668 8694 8694 8725 8834 8864 8866 8895 9025 9037 9051 9127 9129 9134 9217 9243 9271 9291 9305 9384 9386 9411 9490 9503 9535 9561 9582 9586 9603 9610 9652 9661 9706 9745 9823 9824 9850 9967 9992 10071 10196 10200 10233 10249 10252 10288 10364 10391 10416 10521 10598 10618 10643 10648 10655 10658 10667 10705 10811 10831 10849 10861 10893 10893 10903 10946 10954 10970 10971 11011 11014 11106 11168 11227 11243 11308 11363 11390 11398 11412 11412 11428 11449 11498 11501 11570 11616 11627 11638 11714 11745 11747 11784 11787 11790 11842 11887 11892 11914 11981 11981 12076 12078 12115 12170 12179 12222 12256 12260 12309 12310 12321 12336 12373 12469 12470 12479 12522 12523 12545 12564 12567 12587 12587 12602 12660 12674 12680 12704 12813 12865 12885 12897 12912 12923 12969 13039 13098 13133 13141 13167 13169 13173 13250 13251 13300 13306 13327 13378 13379 13432 13445 13448 13449 13547 13581 13643 13760 13775 13789 13813 13838 13854 13863 13913 13916 13939 13981 13998 14075 14080 14175 14225 14293 14367 14434 14438 14441 14563 14730 14732 14770 14814 14878 14954 15005 15009 15070 15101 15172 15187 15207 15208 15222 15256 15266 15373 15373 15419 15442 15445 15450 15455 15487 15507 15525 15564 15678 15720 15723 15918 15993 16008 16131 16142 16211 16295 16357 16370 16411 16458 16461 16529 16657 16658 16697 16709 16713 16765 16773 16804 16807 16841 16841 16866 16874 16875 16884 16973 16982 17009 17053 17076 17085 17093 17121 17207 17325 17334 17350 17416 17436 17477 17492 17515 17534 17548 17611 17647 17648 17678 17707 17802 17818 17965 17997 18002 18048 18064 18126 18129 18183 18224 18240 18247 18290 18331 18347 18351 18368 18373 18409 18428 18444 18507 18507 18508 18562 18570 18575 18589 18630 18637 18681 18757 18769 18779 18792 18819 18848 18872 18909 18909 18920 18924 18925 18937 18939 18991 19002 19005 19100 19100 19115 19116 19183 19196 19199 19211 19250 19297 19341 19359 19379 19386 19403 19447 19464 19560 19598 19704 19716 19809 19815 19838 19870 19872 19881 19892 19987 19989 20030 20041 20102 20119 20136 20159 20168 20251 20261 20295 20307 20311 20319 20333 20344 20347 20361 20415 20480 20533 20567 20574 20628 20644 20648 20648 20696 20724 20727 20744 20783 20804 20837 20849 20924 20952 20956 20963 21000 21027 21046 21084 21107 21109 21114 21215 21222 21228 21348 21354 21364 21373 21411 21499 21522 21527 21582 21600 21630 21665 21754 21776 21797 21912 21943 21960 22029 22063 22105 22139 22165 22245 22406 22415 22438 22454 22504 22561 22571 22621 22621 22643 22653 22745 22768 22809 22840 22842 22852 22857 22870 22882 22893 22900 22900 22909 22935 22947 23003 23014 23040 23052 23103 23162 23185 23217 23298 23302 23332 23337 23350 23456 23476 23755 23761 23763 23768 23838 23907 23951 23962 23980 23994 24006 24010 24033 24034 24080 24109 24120 24139 24176 24184 24214 24218 24255 24269 24288 24299 24303 24337 24388 24397 24402 24436 24437 24450 24453 24454 24506 24509 24521 24555 24585 24639 24716 24717 24755 24789 24809 24823 24843 24847 24858 24955 24968 25023 25073 25076 25079 25094 25105 25130 25147 25209 25242 25265 25353 25357 25367 25469 25475 25484 25564 25606 25679 25749 25750 25811 25853 25858 25878 25889 25955 25984 26028 26069 26092 26103 26128 26140 26198 26232 26283 26390 26417 26418 26474 26482 26492 26510 26542 26557 26610 26614 26634 26639 26641 26667 26799 26821 26822 26996 27060 27076 27081 27088 27121 27129 27157 27179 27235 27258 27304 27322 27323 27333 27344 27381 27404 27433 27437 27476 27491 27526 27530 27604 27609 27619 27630 27704 27768 27811 27855 27859 27880 27893 27918 27920 27926 27969 27973 27988 28089 28106 28141 28240 28257 28259 28277 28277 28284 28384 28388 28477 28523 28543 28614 28629 28689 28706 28712 28780 28793 28818 28827 28848 28863 28880 28901 28902 28915 28916 28925 28950 28978 28982 29016 29087 29103 29186 29186 29209 29243 29291 29336 29366 29437 29443 29458 29469 29529 29542 29641 29722 29729 29730 29806 29864 29992 30015 30018 30050 30164 30174 30192 30198 30221 30229 30255 30338 30352 30473 30490 30521 30527 30552 30565 30569 30619 30656 30684 30684 30699 30740 30748 30780 30828 30843 30845 30879 30894 30944 31039 31071 31072 31096 31096 31136 31173 31271 31279 31335 31362 31399 31434 31465 31469 31494 31515 31525 31528 31545 31563 31578 31638 31642 31664 31671 31702 31782 31800 31842 31885 31896 31969 32001 32025 32031 32054 32159 32170 32261 32342 32351 32435 32496 32511 32642 32761]  [100 120 231 238 270 288 288 313 335 350 449 492 587 675 676 707 759 768 806 923 954 966 1021 1024 1043 1094 1127 1163 1264 1265 1369 1476 1515 1529 1550 1559 1561 1581 1590 1590 1592 1612 1654 1691 1696 1813 1823 1834 1954 1961 2014 2015 2053 2220 2239 2315 2326 2384 2427 2508 2544 2551 2554 2573 2634 2655 2659 2661 2726 2731 2731 2771 2797 2813 2833 2857 2897 2904 2952 2986 3045 3074 3086 3135 3227 3276 3309 3323 3386 3387 3427 3449 3501 3501 3507 3510 3544 3623 3630 3632 3725 3727 3741 3773 3786 3807 3838 3887 3984 4016 4086 4113 4130 4183 4225 4237 4265 4280 4299 4300 4302 4335 4395 4410 4428 4433 4437 4470 4561 4690 4694 4724 4774 4798 4798 4860 4877 4883 4926 4930 4953 5010 5048 5100 5137 5147 5199 5226 5248 5251 5345 5352 5414 5423 5456 5508 5549 5557 5589 5596 5596 5596 5637 5658 5667 5673 5707 5721 5780 5889 5961 5976 6011 6052 6121 6140 6144 6190 6191 6205 6219 6254 6292 6307 6312 6367 6371 6440 6458 6476 6494 6509 6520 6541 6577 6627 6628 6697 6700 6756 6761 6766 6772 6804 6809 6818 6826 6930 6934 6952 6971 7013 7035 7098 7106 7124 7135 7178 7219 7227 7253 7258 7294 7352 7372 7389 7397 7403 7436 7448 7526 7590 7613 7663 7668 7700 7712 7745 7747 7859 7902 7924 7936 7937 8068 8135 8137 8146 8159 8167 8179 8208 8211 8235 8242 8248 8373 8383 8402 8441 8445 8467 8468 8553 8593 8668 8720 8739 8772 8828 8870 8900 8902 8922 8974 9042 9052 9086 9137 9163 9219 9325 9520 9571 9580 9605 9640 9640 9701 9704 9907 9936 9967 10007 10026 10029 10182 10191 10219 10310 10311 10362 10417 10441 10515 10572 10578 10587 10594 10598 10605 10612 10614 10644 10656 10669 10672 10690 10717 10746 10763 10793 10892 10900 10919 10925 10935 10955 11033 11043 11072 11174 11186 11202 11225 11232 11278 11315 11398 11435 11463 11490 11534 11587 11646 11735 11771 11797 11822 11838 11852 11939 11979 12023 12044 12048 12089 12143 12147 12148 12436 12456 12472 12546 12576 12626 12672 12685 12692 12699 12720 12952 12982 13049 13069 13108 13125 13141 13154 13158 13207 13234 13236 13241 13304 13338 13410 13434 13477 13496 13508 13611 13645 13663 13688 13694 13736 13833 13872 13876 13888 13952 14068 14069 14121 14256 14261 14338 14355 14379 14383 14384 14416 14489 14609 14633 14648 14655 14728 14759 14767 14871 14872 15007 15024 15035 15061 15081 15084 15108 15131 15184 15211 15232 15251 15334 15341 15567 15636 15644 15674 15700 15711 15732 15735 15738 15751 15778 15782 15948 15983 16058 16063 16112 16113 16143 16146 16202 16227 16273 16367 16389 16409 16450 16482 16542 16550 16576 16582 16615 16701 16726 16747 16767 16768 16809 16841 16925 16927 16929 16944 16969 16981 16983 16992 17001 17008 17010 17016 17026 17027 17046 17088 17093 17132 17161 17189 17194 17231 17248 17269 17272 17294 17312 17343 17352 17390 17458 17478 17486 17603 17609 17649 17680 17692 17698 17734 17784 17793 17798 17821 17865 17934 17937 17968 17999 18006 18014 18026 18035 18043 18070 18082 18106 18176 18223 18231 18334 18408 18430 18433 18439 18469 18487 18496 18500 18564 18571 18582 18671 18742 18821 18834 18854 18880 18882 18908 18950 18979 19010 19033 19034 19060 19102 19126 19217 19222 19249 19250 19320 19341 19376 19382 19404 19419 19420 19448 19471 19502 19508 19535 19569 19574 19582 19625 19625 19672 19824 19865 19912 19921 19947 19955 20040 20097 20217 20313 20318 20319 20328 20377 20385 20385 20454 20479 20489 20494 20527 20543 20557 20572 20691 20708 20710 20824 20977 21122 21186 21189 21210 21286 21293 21361 21368 21377 21418 21426 21433 21433 21441 21525 21535 21617 21633 21640 21695 21720 21730 21865 21921 21941 21950 22020 22053 22060 22089 22106 22142 22149 22162 22177 22200 22200 22290 22294 22330 22333 22345 22362 22368 22370 22380 22383 22392 22398 22425 22435 22436 22477 22528 22549 22585 22606 22697 22716 22734 22738 22767 22772 22971 23007 23019 23020 23030 23050 23069 23093 23113 23117 23195 23223 23229 23299 23338 23360 23401 23491 23524 23563 23584 23617 23720 23735 23794 23808 23809 23816 23845 23860 23880 23882 23937 23947 23958 23983 24010 24023 24024 24073 24107 24184 24205 24213 24264 24274 24280 24298 24348 24420 24548 24582 24629 24711 24776 24810 24815 24827 24921 24927 24936 24941 24948 25033 25046 25049 25060 25102 25108 25165 25179 25190 25206 25318 25392 25397 25410 25441 25456 25469 25549 25643 25681 25692 25704 25742 25771 25772 25782 25821 25831 25855 25863 25901 25908 25914 25932 25933 26009 26087 26088 26093 26102 26120 26169 26191 26196 26233 26259 26305 26401 26415 26442 26464 26495 26505 26526 26558 26628 26661 26668 26670 26671 26722 26744 26837 26863 26888 26898 26957 26960 26967 26971 27045 27097 27136 27161 27311 27319 27363 27381 27408 27505 27510 27526 27622 27661 27662 27712 27726 27749 27757 27819 27864 27865 27877 27880 27898 27900 27906 28021 28029 28050 28070 28132 28150 28155 28160 28167 28168 28181 28201 28222 28229 28246 28285 28288 28401 28496 28539 28540 28552 28573 28595 28599 28610 28646 28704 28715 28796 28824 28838 28856 28969 28986 29063 29074 29127 29138 29186 29214 29237 29251 29257 29428 29449 29464 29510 29515 29524 29537 29551 29552 29553 29589 29642 29655 29657 29783 29811 29833 29840 30014 30042 30060 30081 30114 30127 30219 30259 30298 30308 30317 30369 30447 30451 30455 30565 30649 30713 30735 30751 30809 30867 30874 30899 30927 30927 30929 30966 30985 30986 31014 31108 31108 31229 31258 31261 31290 31304 31321 31346 31352 31403 31408 31429 31455 31485 31503 31507 31516 31538 31554 31557 31568 31584 31699 31706 31750 31801 31809 31863 31871 31875 31930 31948 31958 32003 32013 32092 32097 32109 32160 32178 32224 32272 32286 32291 32331 32346 32371 32379 32396 32422 32426 32453 32471 32489 32490 32490 32490 32557 32557 32565 32582 32587 32653 32656 32664 32713 32721]
17146.50000
